flight id:401
flight code:Su-27
origin:RU
date:2011-06-01
from:soganlug
to:krasnodar center
motor(s):2
mass aircraft:17500.032952
mass fuel:17500.032952
lift coef:1.3276531002791723
drag coef:0.012475794761808172

timestamp,longitude,latitude,altitude,roll,pitch,yaw,u,v,heading,air_speed,engine_0,engine_1,temperature_in,humidity_in,heart_rate,oxygen_mask
1306893678.0,2.0169883,6.5769419,-1.0,-1.0,-1.6,-1.0,298805.19,-49903.43,-1.0,44.77293848531802,155086928.48592553,155086928.48592553,25.307109574360403,7.765949357848748,96.70000000000002,29.514115324912847
1306893680.79,2.015972,6.5761777,-1.0,-1.0,-1.7,-1.0,298729.75,-49993.29,-1.0,44.77293848531802,116351680.37004057,116351680.37004057,24.483405836784435,7.44794955553154,97.7,29.494563706365167
1306893682.29,2.0153206,6.5756879,-1.0,-1.0,-1.8,-1.0,298681.38,-50050.89,-1.0,52.82824123713588,77602111.76537506,77602111.76537506,24.31050372710413,7.395393767109009,97.70000000000002,29.47502739840366
1306893683.8,2.0145922,6.5751401,-1.0,-1.0,-1.9,-1.0,298627.28,-50115.3,-1.0,58.37142723971263,38881422.095592305,38881422.095592305,23.01658074900966,7.603967846495564,98.5,29.455514056321423
1306893685.94,2.0134344,6.5742694,-1.0,-1.0,-1.7,-1.0,298541.31,-50217.68,-1.0,65.11920283911851,1626948.714233633,1626948.714233633,22.347981607967675,7.767377878534514,99.69999999999999,29.43602368011845
1306893686.15,2.0133108,6.5741765,24.42,-1.0,0.4,-1.0,298532.13,-50228.61,-1.0,140.1343513545488,1626948.7142336327,1626948.7142336327,22.34798160796767,7.767377878534514,99.7,29.43602368011845
1306893686.36,2.0131893,6.5740851,24.46,-1.0,2.3,-1.0,298523.09,-50239.36,-1.0,69.52018664177447,38881422.09559228,38881422.09559228,23.016580749009663,7.603967846495565,98.50000000000001,29.455514056321423
1306893686.57,2.0130615,6.573989,24.49,-1.0,3.6,-1.0,298513.63,-50250.65,-1.0,72.77652915536058,77602111.76537506,77602111.76537506,24.310503727104127,7.39539376710901,97.70000000000002,29.47502739840366
1306893686.78,2.0129365,6.573895,24.52,-1.0,4.8,-1.0,298504.34,-50261.71,-1.0,71.41459459756477,116351680.37004055,116351680.37004055,24.483405836784435,7.447949555531542,97.70000000000002,29.494563706365167
1306893686.99,2.0128107,6.5738004,24.54,-1.0,5.7,-1.0,298495.0,-50272.83,-1.0,71.785784112045,155086928.48592553,155086928.48592553,25.307109574360403,7.765949357848749,96.7,29.514115324912847
1306893687.2,2.0126773,6.5737001,24.55,-1.0,6.5,-1.0,298485.09,-50284.63,-1.0,76.00336563027315,155022928.00370246,155022928.00370246,24.00174308144108,7.844176002217193,97.70000000000002,29.533674598753617
1306893687.42,2.012543,6.5735991,24.57,-1.0,7.2,-1.0,298475.13,-50296.5,-1.0,73.0651378958788,116263468.80198212,116263468.80198212,23.820011911621446,8.056583843603125,98.80000000000001,29.55324918318056
1306893687.64,2.0124059,6.573496,24.58,-1.0,7.7,-1.0,298464.94,-50308.63,-1.0,74.63702158514431,77559648.98430923,77559648.98430923,25.05475458066117,8.049339872183236,97.40000000000002,29.572831422900595
1306893687.86,2.0122673,6.5733917,24.6,-1.0,8.1,-1.0,298454.63,-50320.89,-1.0,75.43675880832271,38923761.51029374,38923761.51029374,24.891174598634944,8.110620225228189,95.70000000000003,29.592428973206808
1306893688.08,2.0121271,6.5732863,24.61,-1.0,8.4,-1.0,298444.22,-50333.29,-1.0,76.21852490523544,4282346.371792939,4282346.371792939,26.663245135328175,8.219705617958816,94.60000000000002,29.612034178806105
1306893688.29,2.011986,6.5731802,24.61,-1.0,8.7,-1.0,298433.75,-50345.76,-1.0,80.15512541043802,4198197.345147272,4198197.345147272,26.185996034643907,8.099893032183214,94.80000000000001,29.612179629374786
1306893688.51,2.0118434,6.5730729,24.62,-1.0,8.9,-1.0,298423.16,-50358.37,-1.0,77.47276415508465,4363788.03656565,4363788.03656565,26.669390075336242,8.053256368917415,95.4,29.6123021140642
1306893688.73,2.0116987,6.5729641,24.64,-1.0,9.2,-1.0,298412.41,-50371.17,-1.0,78.5999034946375,4808014.970318282,4808014.970318282,25.43686025217253,8.106207330065876,94.5,29.61241694346053
1306893688.94,2.0115531,6.5728545,24.68,-1.0,9.4,-1.0,298401.59,-50384.05,-1.0,82.71721100127672,4890161.84563705,4890161.84563705,27.156910320756094,7.816546567626138,91.5,29.61253942814994
1306893689.16,2.0114059,6.5727439,24.78,-1.0,9.7,-1.0,298390.69,-50397.06,-1.0,79.77393457537424,5488549.423619219,5488549.423619219,24.893424485366182,7.517639474332331,89.9,29.612723155184064
1306893689.38,2.0112572,6.572632,24.93,-1.0,10.0,-1.0,298379.63,-50410.21,-1.0,80.72071787311465,5537968.91410211,5537968.91410211,24.80857383497012,7.463583223349167,90.4,29.613014056321422
1306893689.59,2.0111076,6.5725196,25.16,-1.0,10.3,-1.0,298368.53,-50423.44,-1.0,84.85756088748654,5071114.843717546,5071114.843717546,26.226189899569857,7.437105883273822,90.0,29.613465718613632
1306893689.81,2.010955,6.5724049,25.48,-1.0,10.4,-1.0,298357.19,-50436.92,-1.0,82.69434929623944,5771945.498788511,5771945.498788511,24.713647411390625,7.198733815329479,91.6,29.61415469499159
1306893690.03,2.0108016,6.5722895,25.9,-1.0,10.6,-1.0,298345.78,-50450.48,-1.0,83.18534195743528,5382819.328400225,5382819.328400225,26.56369987534461,7.105152977844839,93.0,29.615149883093075
1306893690.25,2.0106451,6.5721719,26.42,-1.0,10.7,-1.0,298334.16,-50464.31,-1.0,84.7509949411791,4936527.788232224,4936527.788232224,25.25850340340928,6.8705136041835155,90.7,29.61653549114207
1306893690.47,2.0104862,6.5720526,27.05,-1.0,10.8,-1.0,298322.38,-50478.34,-1.0,85.92947524775536,5694350.596074042,5694350.596074042,26.10721535381963,6.803361044479942,88.7,29.618403382655632
1306893690.69,2.0103264,6.5719327,27.78,-1.0,10.9,-1.0,298310.5,-50492.45,-1.0,86.50952662630853,5399412.79070973,5399412.79070973,26.73848430041328,7.016843157444059,88.5,29.62082245527155
1306893690.91,2.010162,6.5718094,28.65,-1.0,11.0,-1.0,298298.28,-50506.95,-1.0,88.88019079901592,4992864.227336881,4992864.227336881,26.393816241183686,7.192831069747879,90.3,29.623892227799985
1306893691.33,2.0098478,6.5715738,30.6,-1.0,11.1,-1.0,298274.94,-50534.65,-1.0,88.96363536535753,5953964.558437425,5953964.558437425,26.721476945675303,7.359565593602175,93.0,29.6284241613083
1306893692.39,2.0090288,6.5709622,37.36,-1.0,11.0,-1.0,298214.09,-50606.6,-1.0,91.70717980136723,6157246.770358374,6157246.770358374,29.301129614284527,7.637152990911353,96.00000000000001,29.638054520013455
1306893692.83,2.0086788,6.5707019,40.87,-0.1,11.0,-1.0,298188.09,-50637.22,-1.0,94.20887980238818,6161431.644843609,6161431.644843609,29.37272188609475,7.54077078716058,93.10000000000001,29.65025705719631
1306893693.26,2.008318,6.5704345,44.84,-0.1,10.9,-1.0,298161.25,-50668.69,-1.0,99.18073785051908,6833560.334035544,6833560.334035544,27.816960948292,7.668303627413516,91.3,29.66532267399421
1306893693.91,2.0077611,6.5700234,51.63,-0.2,10.9,-1.0,298119.84,-50717.07,-1.0,101.0654920870778,7184130.139634131,7184130.139634131,29.723668304518554,7.629663588749871,90.3,29.68534126542028
1306893694.13,2.0075723,6.5698845,54.11,-0.2,10.9,223.5,298105.81,-50733.42,-1.0,101.10592682154493,7368979.044076496,7368979.044076496,29.07382903290373,7.502506240090399,88.8,29.706936847222554
1306893694.56,2.0071895,6.569604,59.39,-0.3,10.9,223.5,298077.31,-50766.45,-1.0,104.70911161227471,7728781.811283254,7728781.811283254,30.6876103746159,7.6364012168216275,91.6,29.732176348534892
1306893694.77,2.0069967,6.5694631,62.17,-0.3,10.8,223.5,298062.97,-50783.05,-1.0,107.79925711026797,8361077.997627979,8361077.997627979,29.824373127979847,7.913051279333351,91.5,29.759061737861227
1306893695.19,2.0066064,6.5691788,68.03,-0.4,10.8,223.5,298033.94,-50816.53,-1.0,108.92097009597397,9058449.426615542,9058449.426615542,29.725240823656605,7.956061324762123,90.9,29.789874292541896
1306893695.62,2.0061918,6.5688784,74.57,-0.5,10.7,223.5,298003.06,-50851.92,-1.0,112.75848125057229,9677289.095294356,9677289.095294356,30.166566733683258,8.00833990680012,90.5,29.825027398403662
1306893695.83,2.0059883,6.5687316,77.88,-0.6,10.7,223.5,297987.91,-50869.22,-1.0,113.09913502057385,10606392.443946863,10606392.443946863,27.90672658425818,7.863453162747866,88.49999999999999,29.861221624125445
1306893696.26,2.005564,6.5684267,84.98,-0.7,10.6,223.5,297956.28,-50905.16,-1.0,115.01025977024885,11353956.18480213,11353956.18480213,27.45673289722552,7.5430981750472625,86.39999999999999,29.89767612981224
1306893696.48,2.005345,6.56827,88.74,-0.8,10.6,223.4,297939.97,-50923.64,-1.0,115.77679176003754,11516568.552926766,11516568.552926766,27.492779597423386,7.588007903257668,88.69999999999999,29.934322017826233
1306893696.91,2.0049003,6.567953,96.54,-0.9,10.3,223.4,297906.81,-50961.03,-1.0,120.05923291930826,11540560.810386049,11540560.810386049,28.103796884219886,7.469853747824403,87.4,29.973899883093075
1306893697.13,2.0046715,6.5677906,100.34,-1.0,9.5,223.4,297889.75,-50980.18,-1.0,120.27137831359786,11653090.51206645,11653090.51206645,27.624295404695125,7.817196788532837,84.9,30.011188815726495
1306893697.34,2.0044378,6.5676253,103.85,-1.1,8.8,223.4,297872.31,-50999.69,-1.0,128.14150783979048,11360273.521570373,11360273.521570373,29.12830506220636,8.010863741877365,84.4,30.04926624354802
1306893697.55,2.00422,6.5674715,106.81,-1.2,8.4,223.4,297856.09,-51017.84,-1.0,119.18956403517551,13217071.95434229,13217071.95434229,28.677397668134272,7.750084270796636,84.9,30.085567643373043
1306893697.76,2.0039869,6.5673072,109.67,-1.4,8.0,223.4,297838.69,-51037.23,-1.0,127.21667695325469,13351452.317930095,13351452.317930095,27.531813074572927,7.409412977385187,86.6,30.12193028554277
1306893697.97,2.0037481,6.5671391,112.33,-1.5,7.9,223.4,297820.88,-51057.06,-1.0,129.96397739081814,15002871.685100129,15002871.685100129,26.070719434467065,7.498514906065386,87.80000000000001,30.155843233924223
1306893698.18,2.0035149,6.5669753,114.69,-1.6,7.8,223.4,297803.47,-51076.4,-1.0,126.83224554711714,17266715.212779664,17266715.212779664,27.125623575374636,7.553767206898052,88.2,30.18655626979474
1306893698.39,2.0032729,6.5668053,116.94,-1.8,7.8,223.3,297785.41,-51096.46,-1.0,131.38685346164874,16713155.723263659,16713155.723263659,27.814984408500525,7.8565010353928235,90.0,30.216457844597883
1306893698.61,2.0030183,6.5666266,119.15,-1.9,7.9,223.3,297766.41,-51117.55,-1.0,131.8267759133684,17534656.959672164,17534656.959672164,27.46299809343324,8.030516332124558,92.0,30.242615981080824
1306893698.83,2.0027591,6.5664448,121.27,-2.1,8.1,223.3,297747.06,-51139.01,-1.0,134.10108889290066,18634431.85958213,18634431.85958213,28.670670796735624,8.039428560557914,91.80000000000001,30.267518649497276
1306893699.05,2.0024936,6.5662593,123.38,-2.2,8.4,223.3,297727.25,-51160.91,-1.0,136.96748827782264,18030111.45478558,18030111.45478558,27.954202937398442,7.784797368271707,95.0,30.288065456146438
1306893699.26,2.0022449,6.5660863,125.32,-2.4,8.6,223.2,297708.69,-51181.34,-1.0,134.1495475189523,18255594.603736736,18255594.603736736,28.998028611138963,7.748375529074421,97.10000000000002,30.307188378281182
1306893699.47,2.0019793,6.5659023,127.4,-2.5,8.9,223.2,297688.84,-51203.08,-1.0,142.90681849758755,19337611.62496126,19337611.62496126,26.829076387557272,7.78834948488163,97.00000000000001,30.325216593504273
1306893699.69,2.00171,6.5657164,129.55,-2.7,9.2,223.1,297668.72,-51225.04,-1.0,138.0983684416116,19532424.071750343,19532424.071750343,25.77739038529271,8.059965191061405,93.90000000000002,30.34262472998721
1306893699.91,2.0014248,6.5655198,131.91,-2.9,9.4,223.1,297647.44,-51248.27,-1.0,145.961423675196,19789754.026545312,19789754.026545312,25.72087218884768,8.230787638704701,94.60000000000001,30.35965010181573
1306893700.12,2.0011595,6.5653369,134.2,-3.0,9.7,223.0,297627.59,-51269.88,-1.0,142.51132688364865,21661362.02009803,21661362.02009803,25.11314546792452,8.083344144735866,91.4,30.37639222779999
1306893700.33,2.0008902,6.5651512,136.64,-3.2,9.9,223.0,297607.5,-51291.83,-1.0,144.53392767096756,21817078.74451607,21817078.74451607,23.671713524762925,8.05363408001264,90.4,30.393195596128944
1306893700.54,2.000617,6.5649625,139.23,-3.3,10.1,222.9,297587.09,-51314.12,-1.0,146.80618138139425,22032318.21907376,22032318.21907376,22.829467221399195,8.006653158177329,90.00000000000001,30.41025924442291
1306893700.75,2.0003412,6.5647719,141.97,-3.5,10.2,222.8,297566.47,-51336.63,-1.0,148.30857248474567,21803528.41177402,21803528.41177402,21.749989443716238,7.988492261779085,87.60000000000001,30.427728623250555
1306893700.96,2.0000602,6.5645776,144.89,-3.6,10.4,222.8,297545.47,-51359.6,-1.0,151.21483997082714,21678130.752392445,21678130.752392445,19.261938650858315,8.00479665421902,87.20000000000002,30.44581042552527
1306893701.18,1.9997737,6.5643794,148.0,-3.8,10.4,222.7,297524.09,-51383.01,-1.0,147.16411783605264,21982321.08021341,21982321.08021341,21.10937702747358,8.006828389034633,86.20000000000002,30.46465775710882
1306893701.39,1.9994833,6.5641783,151.28,-3.9,10.5,222.6,297502.41,-51406.77,-1.0,156.32003250015595,20769093.59381817,20769093.59381817,20.00058074859701,7.8448827859053445,85.9,30.484530897966216
1306893701.61,1.9991861,6.5639722,154.76,-4.0,10.5,222.6,297480.19,-51431.11,-1.0,152.99815766265039,23644713.019448645,23644713.019448645,21.95381438453866,7.637531370886942,89.10000000000001,30.505475779855978
1306893701.82,1.9989003,6.5637734,158.22,-4.1,10.5,222.5,297458.84,-51454.58,-1.0,154.3483608753501,23226633.45067361,23226633.45067361,20.80681291048898,7.580291326428445,90.50000000000001,30.52742350514032
1306893702.03,1.9986082,6.5635696,161.84,-4.2,10.5,222.4,297437.03,-51478.64,-1.0,157.96865878616364,24085740.963850196,24085740.963850196,22.38597721969037,7.592391844080305,87.5,30.55033579735379
1306893702.25,1.9982969,6.5633518,165.8,-4.3,10.5,222.4,297413.81,-51504.35,-1.0,160.8750267880801,25391087.70017842,25391087.70017842,23.850288382361,7.425321432636847,88.5,30.574526523513025
1306893702.47,1.9979959,6.5631405,169.7,-4.4,10.4,222.3,297391.34,-51529.29,-1.0,156.00057707165925,26530764.31710333,26530764.31710333,26.494956556393067,7.378547163059511,88.0,30.599834922463153
1306893702.68,1.9976867,6.562923,173.78,-4.5,10.4,222.2,297368.28,-51554.97,-1.0,167.88559879809645,25021323.03174007,25021323.03174007,28.572314961014055,7.279005804946211,88.3,30.626283960083448
1306893702.89,1.9973867,6.5627112,177.78,-4.5,10.3,222.2,297345.88,-51579.96,-1.0,163.33338631753887,28487412.685885575,28487412.685885575,30.077175372522237,7.229580907087572,89.2,30.653697564632886
1306893703.1,1.9970929,6.5625033,181.75,-4.6,10.3,222.1,297323.97,-51604.48,-1.0,160.12353231408,29908926.94111134,29908926.94111134,30.04298983389308,7.287579130955223,90.60000000000001,30.681914974956594
1306893703.31,1.9967796,6.5622809,186.01,-4.7,10.2,222.0,297300.59,-51630.71,-1.0,170.94892970307637,27104117.055665795,27104117.055665795,29.536588658353836,7.355876638127785,90.90000000000002,30.711012743985464
1306893703.52,1.9964785,6.5620666,190.13,-4.7,10.1,222.0,297278.16,-51655.98,-1.0,164.50464576796162,31320352.65336033,31320352.65336033,28.338784556762437,7.576614544161543,91.50000000000001,30.74075355763376
1306893703.74,1.9961544,6.5618355,194.59,-4.7,10.1,221.9,297254.0,-51683.24,-1.0,169.22240089385866,30017735.601861518,30017735.601861518,27.818412709694393,7.510300063213008,89.60000000000001,30.77124459000471
1306893703.95,1.9958413,6.5616115,198.92,-4.7,10.0,221.9,297230.66,-51709.64,-1.0,171.4822302733592,28054157.330641445,28054157.330641445,28.987546534656367,7.558105785932451,87.89999999999999,30.802401632874354
1306893704.16,1.995529,6.5613877,203.26,-4.7,11.6,221.8,297207.38,-51736.03,-1.0,171.26972385335927,30460804.576854713,30460804.576854713,28.749980675629942,7.602016819563807,89.39999999999999,30.834109856846357
1306893704.37,1.9952198,6.5611657,207.76,-3.3,12.7,221.7,297184.34,-51762.19,-1.0,169.8028188934702,31106772.026347622,31106772.026347622,28.276116051244298,7.900392319711414,90.4,30.866231466645132
1306893704.58,1.9948943,6.5609313,212.84,0.8,12.0,221.7,297160.06,-51789.81,-1.0,179.20643760648096,28144655.77962615,28144655.77962615,28.485508558131848,7.727787609401244,92.7,30.899256401028335
1306893704.79,1.9945833,6.5607075,217.88,5.1,11.7,221.7,297136.91,-51816.2,-1.0,171.31147446253652,32963810.15364455,32963810.15364455,26.81987338559072,7.513687774335205,92.60000000000001,30.933016243548018
1306893705.0,1.9942561,6.5604724,223.27,9.8,11.5,221.8,297112.53,-51843.9,-1.0,180.0031752682621,31407226.811624262,31407226.811624262,24.616751252502567,7.593180754275412,92.30000000000001,30.967840171806984
1306893718.42,1.9621198,6.5542836,648.5,81.4,16.6,308.8,294602.13,-52687.38,-1.0,199.70852648192138,31073165.86072397,31073165.86072397,26.924350788940803,7.465405253908697,91.5,31.325150976706368
1306893718.84,1.9611669,6.5548838,663.02,81.8,17.0,315.5,294522.38,-52625.32,-1.0,233.9859564726572,35420401.84557742,35420401.84557742,25.508534890933436,7.775353992250363,92.40000000000002,31.69031611231442
1306893719.28,1.9602658,6.5556036,678.46,82.0,17.4,322.8,294445.94,-52549.72,-1.0,237.14907095819632,69416320.66563174,69416320.66563174,24.890067269547533,7.456132697993823,89.9,32.0641470396985
1306893747.6,1.9854642,6.6236065,1868.7,11.9,17.4,31.5,295984.75,-44873.41,-1.0,270.66601591950797,107192469.20486805,107192469.20486805,25.693259594476586,7.458706496873055,88.4,33.3457273109146
1306893748.04,1.9865255,6.6246822,1877.72,11.0,17.4,31.6,296061.63,-44748.75,-1.0,327.0683800859541,139259956.16991165,139259956.16991165,24.33981979797258,7.3542308724011995,89.10000000000001,34.63089791458914
1306893748.46,1.9875331,6.6256982,1886.2,10.4,17.4,31.8,296134.63,-44630.99,-1.0,324.0951700333379,172066505.49778825,172066505.49778825,22.663530834821813,7.17196498327376,87.4,35.919237809602265
1306893748.89,1.9885707,6.6267396,1894.85,9.9,17.4,31.9,296209.84,-44510.26,-1.0,325.0153437103597,160592933.37065628,160592933.37065628,22.76996866395191,7.029509569737337,85.79999999999998,37.21075465124706
1306893749.33,1.9896337,6.6278016,1903.64,9.5,17.4,31.9,296286.94,-44387.12,-1.0,324.43131567176835,117285930.1298553,117285930.1298553,21.77059956756733,7.230206132996411,83.0,38.505111606627636
1306893749.76,1.9906928,6.6288549,1912.33,9.2,17.4,31.9,296363.78,-44264.95,-1.0,329.8979185399561,99519152.4829752,99519152.4829752,22.59602557263662,7.193309593270772,83.20000000000002,39.802262743985466
1306893750.2,1.9917503,6.6299022,1920.93,8.9,17.4,32.3,296440.53,-44143.46,-1.0,320.8503195540177,102379036.3628022,102379036.3628022,23.459552763716047,7.029574814052767,82.80000000000001,41.10187123042466
1306893750.63,1.9928135,6.6309508,1929.51,8.8,17.4,32.4,296517.72,-44021.82,-1.0,329.31175657048516,127241473.01357588,127241473.01357588,22.826631613382396,6.897642673197089,82.60000000000002,42.08252193033717
1306893751.06,1.9938774,6.6319957,1938.04,8.8,17.4,32.5,296595.0,-43900.56,-1.0,328.690072412183,131929854.80320352,131929854.80320352,23.75763097393223,6.760882291882031,81.4,43.05858710968975
1306893751.49,1.9949246,6.6330201,1946.38,8.6,17.4,32.5,296671.06,-43781.66,-1.0,322.5389369297724,134102517.24478428,134102517.24478428,25.30152037482106,7.031967847124998,82.00000000000001,44.029217030949596
1306893751.91,1.9959575,6.6340266,1954.54,8.6,4.2,32.5,296746.13,-43664.82,-1.0,324.9674751745962,143902614.03026095,143902614.03026095,24.015720955977113,7.150726290483233,83.8,44.09493006682011
1306893752.34,1.997023,6.6350608,1962.91,8.6,4.2,32.5,296823.59,-43544.75,-1.0,326.6176115432589,142915799.61009002,142915799.61009002,25.54518215918803,7.174744580558152,85.9,44.16014550863988
1306893752.77,1.998094,6.6360962,1971.27,8.7,4.2,33.0,296901.47,-43424.51,-1.0,327.49263552183464,142393287.8508101,142393287.8508101,27.854339495013736,7.105992789981127,89.30000000000001,44.22526908694259
1306893753.2,1.999163,6.6371256,1979.56,8.7,4.2,33.1,296979.22,-43304.95,-1.0,326.0112834610026,143536136.6365377,143536136.6365377,29.308800763357826,7.115486579613462,91.0,44.29011707469413
1306893753.63,2.0002401,6.6381585,1987.86,8.8,4.2,33.2,297057.59,-43184.95,-1.0,327.6710945429207,143114064.78444433,143114064.78444433,27.92859228092616,7.057999320495051,93.7,44.35458995308433
1306893754.06,2.0013177,6.6391879,1996.12,8.8,4.2,33.3,297136.03,-43065.35,-1.0,326.9953222089808,139813632.03351986,139813632.03351986,27.035968559777,7.1785866829722895,92.50000000000001,44.418733653871726
1306893754.48,2.0023933,6.6402112,2004.31,8.8,4.2,33.3,297214.38,-42946.43,-1.0,333.46642389781374,140723974.52018276,140723974.52018276,28.331110899600343,7.350648867207422,92.80000000000001,44.4825634876425
1306893754.91,2.0034695,6.6412308,2012.45,9.0,4.2,33.3,297292.75,-42827.91,-1.0,354.1530116106263,138032666.29750022,138032666.29750022,26.60213993068817,7.478931761627953,92.20000000000002,44.5460564885174
1306893755.34,2.0045487,6.6422492,2020.56,9.0,4.2,33.7,297371.38,-42709.52,-1.0,354.2095474038136,141302246.01841268,141302246.01841268,25.924597727428225,7.446344482438223,92.0,44.60922796708258
1306893755.76,2.0056284,6.6432639,2028.64,9.0,4.2,33.8,297450.06,-42591.53,-1.0,361.3382126990418,149013113.9840713,149013113.9840713,26.556084566358056,7.197435099591976,94.0,44.672200408027464
1306893756.19,2.0066985,6.6442655,2036.59,9.0,4.2,33.9,297528.09,-42475.05,-1.0,349.6859684751603,156640197.8370878,156640197.8370878,25.647599790859054,7.144726476246111,95.60000000000001,44.73501208781749
1306893756.61,2.0077665,6.645261,2044.47,9.3,4.2,33.9,297605.97,-42359.25,-1.0,355.8885197299815,171731563.33759043,171731563.33759043,26.129029742589506,7.025467522435808,95.00000000000001,44.79744865824619
1306893757.03,2.0088632,6.6462789,2052.52,9.4,4.2,33.9,297685.97,-42240.82,-1.0,363.885789393726,183057982.13056296,183057982.13056296,23.681258686746965,7.029116376776087,92.50000000000001,44.85964791458914
1306893757.45,2.0099219,6.6472575,2060.25,9.4,4.2,34.3,297763.25,-42126.94,-1.0,351.2451848814632,186787612.77885884,186787612.77885884,22.2401063018731,6.947821727048,91.10000000000001,44.92141847451914
1306893757.87,2.0110145,6.6482632,2068.18,9.4,4.2,34.4,297843.0,-42009.88,-1.0,360.7998422075359,193741649.9332783,193741649.9332783,21.907529173045003,7.038349831776406,89.10000000000002,44.98290578860488
1306893758.29,2.012087,6.6492462,2075.91,9.6,4.2,34.5,297921.31,-41895.43,-1.0,353.70064016796766,193484419.3258518,193484419.3258518,22.636592093978212,7.062649924038752,89.50000000000001,45.04398737215694
1306893758.71,2.0131756,6.6502397,2083.71,9.7,4.2,34.5,298000.84,-41779.75,-1.0,357.73500913053994,189667997.06762704,189667997.06762704,22.547943402408958,6.961026498182136,88.3,45.10477039927856
1306893759.13,2.0142672,6.6512318,2091.49,9.7,4.2,34.8,298080.59,-41664.21,-1.0,357.73450292458864,192110541.50200483,192110541.50200483,22.593221405928563,6.996888487801941,88.0,45.16527783584898
1306893759.55,2.0153542,6.6522155,2099.19,9.7,4.0,34.9,298160.06,-41549.63,-1.0,355.444952803296,192673141.44609407,192673141.44609407,22.702323723509654,6.8449652609042335,89.19999999999999,45.225471405402786
1306893759.98,2.0164809,6.6532305,2107.11,9.9,4.0,34.9,298242.44,-41431.36,-1.0,358.6085826407648,190760970.73200113,190760970.73200113,22.669357640817772,6.823156054577128,88.0,45.285542490267176
1306893760.4,2.017569,6.6542065,2114.72,10.0,4.0,34.9,298322.03,-41317.61,-1.0,353.9320793535728,192310497.9559968,192310497.9559968,23.005263227832728,6.760505868838823,87.69999999999999,45.34535329516657
1306893760.83,2.018705,6.6552209,2122.62,10.0,4.0,35.3,298405.16,-41199.37,-1.0,359.49810384016945,192025484.5857384,192025484.5857384,23.75884066164819,6.851793524073625,86.7,45.40517941065213
1306893761.25,2.0198232,6.656215,2130.34,10.0,4.0,35.4,298487.0,-41083.46,-1.0,361.17153776878564,188878988.82206693,188878988.82206693,23.74110001929654,6.982900082355717,88.7,45.464752901465786
1306893761.68,2.0209501,6.6572122,2138.08,10.2,4.0,35.4,298569.5,-40967.17,-1.0,354.8897381915616,188797156.8782049,188797156.8782049,24.115521224107766,7.07202829097822,89.00000000000001,45.52433404757252
1306893762.1,2.0220485,6.6581799,2145.57,10.3,4.0,35.7,298649.97,-40854.3,-1.0,353.31555736945916,187800975.1616851,187800975.1616851,24.491346723239673,6.7562798237335855,88.60000000000001,45.58357836078337
1306893762.52,2.0231687,6.6591624,2153.16,10.3,4.0,35.8,298732.03,-40739.68,-1.0,358.8852365344022,188978349.77653116,188978349.77653116,25.59656800534535,6.8533160743521675,89.60000000000001,45.64271549989098
1306893762.95,2.0243135,6.6601618,2160.87,10.3,4.0,35.8,298815.94,-40623.04,-1.0,357.374110676254,187193030.07059735,187193030.07059735,24.81428050906372,7.108283742387052,91.2,45.70178374136079
1306893763.37,2.0254538,6.6611527,2168.5,10.5,3.9,36.1,298899.53,-40507.38,-1.0,362.96817893864784,188106492.68859977,188106492.68859977,25.30591052684276,7.2352279781650735,92.0,45.760737153434285
1306893764.21,2.0276827,6.6630763,2183.27,10.5,3.9,36.4,299063.03,-40282.78,-1.0,353.8675212497434,186397781.51143727,186397781.51143727,26.47890711457344,7.359476219085472,92.0,45.82510285772124
1306893764.64,2.028852,6.6640783,2190.94,10.7,3.9,36.5,299148.84,-40165.73,-1.0,360.62656041641753,182664593.29126832,182664593.29126832,26.73031504250055,7.6342791529117235,91.60000000000001,45.889277179681
1306893765.07,2.0300032,6.6650602,2198.44,10.8,3.9,36.5,299233.38,-40051.0,-1.0,354.4931746764556,179887181.87740228,179887181.87740228,28.207105660286786,7.687122840304287,91.10000000000002,45.95336729341679
1306893765.49,2.0311551,6.6660381,2205.9,10.8,3.9,36.8,299317.97,-39936.73,-1.0,361.55048200171615,178546722.31379652,178546722.31379652,28.37503382768956,7.6560236016277425,93.20000000000002,46.01712057425668
1306893766.33,2.0334313,6.6679566,2220.48,10.8,3.9,37.1,299485.22,-39712.44,-1.0,356.0675877560983,175686782.85245222,175686782.85245222,29.39203302209063,7.689020705173662,93.00000000000001,46.086125386155196
1306893766.76,2.0346019,6.6689361,2227.91,10.8,3.9,37.2,299571.28,-39597.88,-1.0,356.1646171798093,175950125.73835707,175950125.73835707,28.72165168717872,7.562387066365863,94.10000000000001,46.15489288396797
1306893767.18,2.0357705,6.6699093,2235.27,10.8,3.8,37.4,299657.22,-39484.04,-1.0,362.5289652240343,177161441.50373197,177161441.50373197,28.276147620439446,7.836708929473055,94.3,46.223560862970594
1306893767.6,2.0369289,6.6708692,2242.52,11.3,3.8,37.5,299742.44,-39371.72,-1.0,358.5740576232878,174714456.97453687,174714456.97453687,25.771293394258237,7.7403510176620856,91.3,46.291968562008215
1306893768.02,2.0380716,6.6718114,2249.62,11.4,3.8,37.5,299826.53,-39261.44,-1.0,353.04287382861065,174625233.86749732,174625233.86749732,25.9768768056434,7.591810373068018,93.10000000000001,46.359909288167444
1306893768.44,2.039237,6.6727677,2256.81,11.5,3.8,37.8,299912.31,-39149.48,-1.0,358.63636465059056,175962380.88900205,175962380.88900205,25.30956804680476,7.351651564992402,91.4,46.42751318143078
1306893768.86,2.040406,6.6737222,2263.97,11.6,3.8,37.8,299998.41,-39037.7,-1.0,358.72569776768864,175995465.99027961,175995465.99027961,25.45265850220949,7.4783707197668425,91.2,46.48929139665389
1306893769.28,2.0415897,6.6746838,2271.17,11.7,3.8,38.1,300085.59,-38925.06,-1.0,361.8880058546528,176022065.54501882,176022065.54501882,23.655786163856394,7.406149442362717,90.50000000000001,46.55070981310183
1306893769.7,2.0427435,6.6756165,2278.13,11.8,3.8,38.1,300170.63,-38815.79,-1.0,352.3823072297127,177632746.97397184,177632746.97397184,21.398473172671782,7.336933281296965,90.60000000000001,46.611714843723
1306893770.12,2.0439261,6.6765675,2285.22,11.9,3.8,38.4,300257.81,-38704.32,-1.0,359.6185072988155,176852664.16019127,176852664.16019127,19.124470785548926,7.359836157030561,89.4,46.672436628499895
1306893770.54,2.0451095,6.6775144,2292.26,12.0,3.7,38.6,300345.09,-38593.32,-1.0,358.8479241263769,174805112.12833938,174805112.12833938,19.150385108505585,7.558040558663132,87.60000000000001,46.72738632228817
1306893770.97,2.0463192,6.6784772,2299.4,12.1,3.7,38.7,300434.31,-38480.41,-1.0,357.2761277538163,174909805.36600444,174909805.36600444,19.504993682594066,7.635710146270436,88.8,46.78211401257689
1306893771.39,2.0475185,6.6794268,2306.42,12.1,3.7,38.9,300522.81,-38369.02,-1.0,361.30769932808295,174353749.39358878,174353749.39358878,20.566586185845185,7.360276484899223,91.10000000000001,46.8365814229006
1306893772.24,2.0499369,6.6813265,2320.38,12.1,3.7,39.2,300701.38,-38146.08,-1.0,358.5631338588323,171993520.97449163,171993520.97449163,21.64427400657739,7.271430114436399,93.20000000000002,46.8961855348866
1306893772.66,2.0511418,6.6822655,2327.23,12.4,3.7,39.4,300790.41,-38035.84,-1.0,359.8423503974059,171221616.19551885,171221616.19551885,21.178478076868295,7.36920404587648,93.30000000000001,46.95559826454539
1306893773.08,2.0523361,6.6831914,2333.96,12.5,3.7,39.5,300878.66,-37927.11,-1.0,355.8425225779486,170327267.1284056,170327267.1284056,21.68539529541507,7.520514916644567,94.80000000000001,47.01465885072212
1306893773.5,2.0535284,6.6841108,2340.61,12.6,3.7,39.7,300966.78,-37819.1,-1.0,354.27897743329146,169840671.46616498,169840671.46616498,21.654045892701518,7.377445610127072,92.2,47.07332901695134
1306893774.35,2.0559904,6.6859941,2354.1,12.6,3.7,40.0,301148.91,-37597.74,-1.0,359.56457139097586,169458429.8949001,169458429.8949001,23.26777605794657,7.2714813517074575,94.30000000000001,47.136814362533144
1306893774.79,2.0572636,6.6869601,2360.96,12.6,3.7,40.2,301243.13,-37484.16,-1.0,357.654388747439,171870637.98330146,171870637.98330146,23.79464188295961,7.465853902238515,92.6,47.20022315518406
1306893775.21,2.0584855,6.687882,2367.45,12.6,3.7,40.3,301333.56,-37375.72,-1.0,358.40509978306966,172240064.2178282,172240064.2178282,24.110432861055035,7.361071740678274,92.7,47.26317263024967
1306893775.64,2.0597317,6.6888171,2373.99,12.6,3.7,40.5,301425.84,-37265.7,-1.0,356.12160595322035,171738854.92096415,171738854.92096415,22.696732811651597,7.104440573731216,92.0,47.325739340660874
1306893776.07,2.0609995,6.6897631,2380.54,12.6,3.4,40.7,301519.78,-37154.35,-1.0,360.9290220025596,170849823.36370936,170849823.36370936,21.99403861603628,7.300487979808663,89.5,47.387854388779864
1306893776.5,2.0622537,6.6906938,2386.92,13.3,3.4,40.7,301612.72,-37044.78,-1.0,356.222291005159,167885836.5425549,167885836.5425549,21.43391667861245,7.349402171789123,87.9,47.449479498141194
1306893776.92,2.0635119,6.6916221,2393.23,13.5,3.4,41.0,301706.0,-36935.44,-1.0,364.2421423206328,167096065.35915118,167096065.35915118,20.152441207564802,7.429782948227601,89.4,47.50524830828993
1306893777.34,2.0647386,6.6925222,2399.27,13.6,3.4,41.2,301796.97,-36829.4,-1.0,354.64895416673517,163244899.23417637,163244899.23417637,21.244233280143177,7.150623606460757,88.2,47.5603970396985
1306893777.77,2.0660285,6.6934633,2405.52,13.8,3.4,41.4,301892.66,-36718.48,-1.0,362.63090005749615,163343147.5722065,163343147.5722065,20.73746037810238,7.08577079305818,88.39999999999999,47.61517831703884
1306893778.2,2.06729,6.6943782,2411.53,14.0,3.4,41.5,301986.28,-36610.62,-1.0,354.0503428510798,162142414.91953382,162142414.91953382,19.602210979772185,7.109537415565932,91.1,47.66946965562151
1306893778.63,2.0685825,6.6953101,2417.57,14.3,3.4,41.7,302082.25,-36500.71,-1.0,361.18600822609477,162720949.5072321,162720949.5072321,19.153679705596616,6.937813149206997,90.4,47.71805780085336
1306893779.05,2.0698434,6.6962137,2423.36,14.5,3.4,41.9,302175.88,-36394.09,-1.0,359.65568254146797,162696222.9839305,162696222.9839305,21.26071023403455,7.066548615647915,90.60000000000001,47.76582682972475
1306893779.47,2.0710875,6.6971,2428.96,14.7,3.1,42.1,302268.31,-36289.5,-1.0,354.08867841202533,162409141.97773018,162409141.97773018,20.985422553740282,7.408466138417072,92.10000000000001,47.81291453751127
1306893779.9,2.0724081,6.6980349,2434.8,15.0,3.1,42.3,302366.47,-36179.1,-1.0,365.26122088515075,163796362.6618273,163796362.6618273,21.415766980577907,7.399475741117342,91.89999999999999,47.85946637478161
1306893780.32,2.0736597,6.6989154,2440.23,15.3,3.1,42.5,302459.53,-36075.11,-1.0,353.9177366592904,160177379.06408578,160177379.06408578,23.27172972092541,7.23199163007407,93.69999999999999,47.90516081922606
1306893780.53,2.0743009,6.6993642,2442.98,15.5,3.1,42.6,302507.22,-36022.08,-1.0,361.23604059172357,161258245.29367352,161258245.29367352,22.65844252590489,7.411471929904229,94.8,47.94807639227943
1306893780.96,2.0755908,6.7002621,2448.43,15.8,3.1,42.8,302603.16,-35915.95,-1.0,354.29031011762504,156704486.32688236,156704486.32688236,25.510282154902434,7.3305308709710575,92.8,47.9903336101272
1306893781.38,2.0768609,6.7011396,2453.71,16.1,3.1,43.0,302697.72,-35812.18,-1.0,355.78148488362456,155017042.07540053,155017042.07540053,26.223252133777454,7.49556311861401,91.40000000000002,48.032009025700255
1306893781.8,2.0781265,6.7020069,2458.89,16.4,3.1,43.2,302791.97,-35709.57,-1.0,353.1855879118834,151975201.16347462,151975201.16347462,26.71489408171149,7.573409416032932,91.30000000000003,48.072865324912854
1306893782.22,2.0793795,6.7028582,2463.95,16.7,3.1,43.4,302885.31,-35608.79,-1.0,348.4525410047184,151933867.9259571,151933867.9259571,27.911045113813675,7.428365171700374,87.89999999999999,48.112994371282056
1306893782.65,2.0806403,6.7037071,2469.01,16.9,3.2,43.7,302979.31,-35508.25,-1.0,341.41812587991706,151862592.4571702,151862592.4571702,28.407350189330042,7.822639838439763,88.3,48.1523731989286
1306893783.07,2.0818535,6.7045163,2473.86,17.1,3.2,43.9,303069.78,-35412.34,-1.0,335.1893086870001,156475454.32478538,156475454.32478538,25.841912487849925,7.7455147266030036,89.6,48.19103242902484
1306893783.5,2.0831009,6.7053404,2478.87,17.1,3.2,44.2,303162.91,-35314.62,-1.0,335.12954577598765,161994959.69613403,161994959.69613403,25.680230693279935,7.483788246343364,87.4,48.22923999682885
1306893783.92,2.0843247,6.7061407,2483.84,17.0,3.2,44.4,303254.28,-35219.64,-1.0,334.93307802821084,162842301.47405344,162842301.47405344,28.215086943538005,7.466129469703393,87.3,48.2667815541342
1306893784.34,2.0855196,6.7069142,2488.8,16.7,3.6,44.7,303343.56,-35127.8,-1.0,326.03825534168095,164441763.74837148,164441763.74837148,28.107572617160393,7.322217588654742,87.1,48.30396331266438
1306893784.76,2.0867285,6.7076887,2493.95,16.4,3.7,45.0,303433.94,-35035.77,-1.0,328.1304829558733,159822870.41536212,159822870.41536212,28.495377106284575,7.354029353244775,87.69999999999999,48.34298234153578
1306893785.18,2.0878895,6.7084246,2499.08,15.8,3.9,45.3,303520.78,-34948.25,-1.0,314.51600826085945,152974137.67474192,152974137.67474192,27.686393215707454,7.532870562828107,86.70000000000002,48.38175640102834
1306893785.61,2.0891037,6.7091864,2504.67,15.1,4.1,45.5,303611.66,-34857.61,-1.0,319.40567395795995,147833122.83957753,147833122.83957753,26.107499860658926,7.57137677139437,88.20000000000002,48.42076777460663
1306893786.03,2.0902785,6.7099156,2510.34,14.2,4.3,45.8,303699.66,-34770.77,-1.0,315.2231454834151,142304586.59288573,142304586.59288573,27.68193212421072,7.416201003062814,87.20000000000002,48.460154257546264
1306893786.45,2.0914309,6.7106239,2516.2,13.2,4.5,46.1,303786.0,-34686.36,-1.0,308.3150622818904,137037415.50352928,137037415.50352928,25.43042264432387,7.624259700124912,87.50000000000001,48.500153163932964
1306893786.87,2.0925831,6.7113252,2522.39,12.2,4.8,46.3,303872.41,-34602.73,-1.0,307.1034925803134,133823191.57164784,133823191.57164784,24.756337195813146,7.365834443700894,87.10000000000001,48.54101711843866
1306893787.3,2.0937292,6.7120165,2528.9,11.0,5.1,46.5,303958.38,-34520.26,-1.0,297.8138031713133,129594090.45980616,129594090.45980616,27.324369773056354,7.338980837967976,87.50000000000001,48.58315185159701
1306893787.72,2.0948689,6.712698,2535.75,9.7,5.4,46.8,304043.91,-34438.89,-1.0,301.83050978537125,125396417.51193696,125396417.51193696,29.655232999029653,7.582892453408218,88.0,48.626695158683624
1306893788.15,2.096018,6.7133796,2543.08,8.5,5.7,46.9,304130.16,-34357.46,-1.0,296.6040152728618,120523842.36698209,120523842.36698209,26.69911976960696,7.820927339537537,88.1,48.672045114939095
1306893788.57,2.0971412,6.714041,2550.66,7.2,6.0,47.1,304214.53,-34278.41,-1.0,296.03211162192747,116646046.05578426,116646046.05578426,24.42880302044098,7.989006205914925,87.99999999999999,48.71940075798372
1306893788.99,2.0982336,6.7146801,2558.46,5.9,6.3,47.1,304296.59,-34201.98,-1.0,287.77138898137594,110377725.08171333,110377725.08171333,26.194878643129538,7.827797714445604,86.1,48.768785053696746
1306893789.41,2.0993186,6.7153115,2566.64,4.7,6.6,47.4,304378.13,-34126.45,-1.0,285.4330823798303,107529485.82663503,107529485.82663503,24.31815416958554,7.726485890443496,85.8,48.82050421380174
1306893789.83,2.1004165,6.7159472,2575.36,3.5,6.9,47.4,304460.66,-34050.36,-1.0,288.11258201372345,102758875.551222,102758875.551222,24.825010953177006,7.580161696583876,86.8,48.87461948064338
1306893790.26,2.101506,6.7165756,2584.48,2.2,7.2,47.4,304542.56,-33975.14,-1.0,279.49099696696,98535200.09781575,98535200.09781575,25.104436894380456,7.615116720393901,88.70000000000002,48.93137582360052
1306893790.69,2.1025968,6.7172026,2594.06,1.1,7.5,47.6,304624.59,-33900.06,-1.0,279.55046955762464,96891005.14714006,96891005.14714006,27.444671962063154,7.5228771792169375,89.80000000000001,48.99097993558652
1306893791.12,2.1036684,6.7178172,2603.94,0.0,7.8,47.6,304705.19,-33826.45,-1.0,274.85418443568534,93340910.96015222,93340910.96015222,27.389754325545677,7.743017682290761,89.10000000000001,49.053408850722136
1306893791.54,2.1047069,6.7184119,2613.94,-1.0,8.1,47.6,304783.28,-33755.23,-1.0,272.7206675419212,90717677.26230264,90717677.26230264,27.415531160740837,7.559317500615086,86.9,49.118509463145585
1306893791.96,2.1057295,6.7189972,2624.21,-1.9,8.5,47.6,304860.19,-33685.11,-1.0,268.9572891529381,87699935.15180561,87699935.15180561,27.138646904050624,7.332746000742327,85.10000000000001,49.18622818580525
1306893792.38,2.1067662,6.719591,2635.06,-2.7,8.7,47.6,304938.16,-33613.99,-1.0,272.5366520212304,85582651.76502258,85582651.76502258,28.541782371358202,7.213315942504022,88.5,49.25664157163202
1306893792.8,2.107788,6.7201771,2646.17,-3.5,8.9,47.6,305015.0,-33543.79,-1.0,269.1676339314419,80853479.39820775,80853479.39820775,28.336905030981203,7.080055525209277,88.20000000000002,49.32975727591898
1306893793.22,2.1088095,6.7207647,2657.69,-4.2,9.1,47.3,305091.78,-33473.43,-1.0,269.4392950184958,78214082.39413577,78214082.39413577,28.28921650372469,7.332080017687261,90.30000000000001,49.40572074923482
1306893793.65,2.1098526,6.7213668,2669.88,-4.8,9.3,47.2,305170.19,-33401.35,-1.0,269.29158776849374,74659927.70129682,74659927.70129682,29.489265985908702,7.327098479588467,92.30000000000001,49.48475399507909
1306893794.07,2.1108875,6.7219666,2682.36,-5.4,9.4,47.1,305247.97,-33329.56,-1.0,273.7618342951237,69451425.40209426,69451425.40209426,27.639116072167802,7.534540625684912,90.4,49.56666563112458
1306893794.49,2.1119168,6.7225658,2695.15,-5.9,9.6,47.0,305325.28,-33257.86,-1.0,272.920288314932,65716769.24360167,65716769.24360167,27.135671138419898,7.376647428370177,89.80000000000001,49.651386759733505
1306893794.91,2.1129502,6.7231702,2708.35,-6.3,9.6,47.0,305402.91,-33185.57,-1.0,274.5634094870764,62631029.37027527,62631029.37027527,25.29952623616698,7.471532278677934,90.60000000000001,49.738879104440414
1306893795.33,2.1139797,6.7237749,2721.83,-6.7,9.9,46.7,305480.22,-33113.26,-1.0,274.1541045694242,59898877.455156945,59898877.455156945,25.122241701719393,7.405828638862721,89.39999999999999,49.829127354659136
1306893795.77,2.1150467,6.7244042,2736.12,-8.3,9.9,46.6,305560.31,-33038.03,-1.0,271.9436407386643,58143405.03865229,58143405.03865229,23.900617340004697,7.403634326278083,88.8,49.92265972561277
1306893796.19,2.1160721,6.7250123,2750.15,-17.8,10.2,46.3,305637.25,-32965.36,-1.0,274.32963503579776,58970447.889083244,58970447.889083244,23.876847760101736,7.57920540788032,89.1,50.019070486767625
1306893796.63,2.1171333,6.7256487,2764.95,-25.3,10.5,45.9,305716.84,-32889.38,-1.0,272.5495782519954,59193765.35663794,59193765.35663794,23.985674213855024,7.753855532192509,86.69999999999999,50.11850508869239
1306893797.07,2.1181722,6.726282,2779.75,-24.1,10.7,45.3,305794.69,-32813.84,-1.0,269.161883869205,60737557.490236335,60737557.490236335,26.39686135248405,7.696514796433286,85.4,50.22076449376675
1306893797.5,2.1191745,6.7269029,2794.35,-22.7,10.9,44.8,305869.72,-32739.87,-1.0,267.82507563947837,63015913.14848581,63015913.14848581,25.29390466256692,7.4873031375465064,82.7,50.32538172911233
1306893797.92,2.120121,6.7274979,2808.44,-22.6,10.9,44.3,305940.5,-32669.04,-1.0,261.3338213765892,64710927.364819445,64710927.364819445,25.625853050000664,7.744259377633631,80.3,50.431453470144696
1306893798.34,2.1210761,6.7281068,2822.93,-20.5,10.9,43.8,306011.88,-32596.63,-1.0,265.1939201440097,66581471.673828475,66581471.673828475,25.767833962857758,7.7586965298821715,81.1,50.539063925087824
1306893798.77,2.1220109,6.7287104,2837.37,-17.6,10.9,43.4,306081.66,-32524.91,-1.0,255.8844643827055,67611014.06524046,67611014.06524046,23.820958855483124,7.856032309601015,78.7,50.647937503390544
1306893799.2,2.1229459,6.7293206,2852.03,-15.6,10.9,43.0,306151.44,-32452.45,-1.0,257.24771590685947,68840425.34855549,68840425.34855549,25.3737551514908,7.887029444622193,77.9,50.757928754484155
1306893799.63,2.1238729,6.7299311,2866.74,-13.9,10.9,42.7,306220.56,-32380.0,-1.0,256.26134883921316,68553042.92958793,68553042.92958793,24.419181835953033,7.599125049730899,78.9,50.86886160662763
1306893800.05,2.1247484,6.7305122,2880.77,-12.2,11.5,42.4,306285.81,-32311.08,-1.0,249.3862780983867,67112852.3386033,67112852.3386033,24.537209349622927,7.788051942450261,81.10000000000001,50.979595421150805
1306893800.47,2.1256243,6.7310972,2894.92,-11.4,11.5,42.2,306351.06,-32241.71,-1.0,250.24010448421467,66045862.367516585,66045862.367516585,24.420013309708295,7.801593227235625,84.3,51.09042109919107
1306893800.9,2.1265003,6.7316857,2909.15,-10.8,11.5,42.0,306416.31,-32171.96,-1.0,245.61930396109366,64099377.412998535,64099377.412998535,25.214567748323674,7.6839905097415215,84.3,51.200810425525276
1306893801.32,2.1273482,6.7322585,2923.0,-10.3,11.7,41.7,306479.44,-32104.09,-1.0,244.23073389219948,62262048.11528023,62262048.11528023,24.48165044213742,7.932727989139094,86.0,51.31047249901609
1306893801.74,2.1281969,6.7328347,2936.92,-8.8,11.7,41.5,306542.59,-32035.84,-1.0,244.97684056512773,61180128.16530165,61180128.16530165,24.89557956627676,7.952872412965782,85.30000000000001,51.41961401257689
1306893802.17,2.1290424,6.733411,2950.82,-5.2,11.8,41.4,306605.5,-31967.59,-1.0,239.426292419424,59692020.46908164,59692020.46908164,24.986172240701666,7.572122949931515,87.50000000000001,51.52861007556902
1306893802.59,2.1298451,6.7339591,2964.02,-1.4,11.9,41.4,306665.22,-31902.69,-1.0,233.5096627482966,57214001.94539853,57214001.94539853,26.470979760169524,7.341639158633636,85.30000000000001,51.636618605752744
1306893803.01,2.1306647,6.7345183,2977.46,1.7,11.9,41.4,306726.19,-31836.47,-1.0,237.86232741002786,57261230.58902565,57261230.58902565,26.700121675596673,7.253067249976732,88.0,51.74386160662763
1306893803.44,2.1314731,6.7350681,2990.64,4.9,11.8,41.4,306786.31,-31771.34,-1.0,229.56753392137654,54771923.50630911,54771923.50630911,25.765840835413123,7.106193013301708,87.9,51.84997162412545
1306893803.87,2.1322884,6.73562,3003.81,7.7,11.8,41.5,306847.0,-31705.96,-1.0,230.83926269414548,54115315.6194451,54115315.6194451,26.192771524646574,7.152195453737541,89.4,51.95490272648766
1306893804.3,2.1331019,6.7361667,3016.77,10.2,11.8,41.7,306907.59,-31641.15,-1.0,229.6104441612483,53674484.60920569,53674484.60920569,24.856825442055992,7.249844847511605,88.4,52.059014712489414
1306893804.73,2.1339013,6.7366994,3029.31,12.3,11.8,41.9,306967.13,-31577.97,-1.0,225.04149461275037,50943610.28896489,50943610.28896489,24.10502616812893,6.9738963479595375,86.00000000000001,52.16189419630393
1306893805.17,2.1347226,6.7372412,3041.94,14.3,11.6,42.2,307028.34,-31513.68,-1.0,224.76709224585818,49897709.58474918,49897709.58474918,23.007460049829106,7.040293882517654,86.4,52.263548833224306
1306893805.59,2.1354922,6.7377432,3053.51,16.0,11.5,42.5,307085.75,-31454.06,-1.0,219.91022750738645,48479749.67784975,48479749.67784975,22.403307091956343,6.7841687258327354,87.00000000000001,52.36345806332055
1306893806.02,2.1362848,6.7382539,3065.14,17.6,11.4,42.9,307144.94,-31393.36,-1.0,219.86091167625852,46506785.343029894,46506785.343029894,22.614741857468005,6.871626755003252,87.00000000000001,52.46161423129955
1306893806.45,2.1370786,6.7387585,3076.46,19.1,11.4,43.3,307204.22,-31333.33,-1.0,218.72879442646092,45731437.24916713,45731437.24916713,21.14616639345073,7.22700496102262,86.10000000000001,52.557795333661765
1306893806.87,2.1378409,6.7392362,3087.0,20.5,11.1,43.7,307261.22,-31276.44,-1.0,214.06620350279525,45191449.57657758,45191449.57657758,20.77977882784934,7.413090980701809,88.6,52.65194012806246
1306893807.3,2.1386456,6.7397328,3097.74,21.8,11.1,44.2,307321.44,-31217.25,-1.0,218.5244766849192,43646598.380873114,43646598.380873114,22.191541424589268,7.689767242082413,89.50000000000001,52.7440179933293
1306893807.73,2.1394287,6.7402082,3107.8,23.0,10.8,44.6,307380.13,-31160.51,-1.0,211.76200461392972,41974286.85899662,41974286.85899662,20.86330709035991,7.820471104179134,89.7,52.83370740715257
1306893808.18,2.1402419,6.7406933,3117.79,24.3,10.5,45.2,307441.09,-31102.54,-1.0,208.6335095352341,40372554.57315603,40372554.57315603,21.76758191347651,8.13520012112995,90.30000000000001,52.920962437773746
1306893808.62,2.1410434,6.7411627,3127.18,25.5,10.3,45.7,307501.25,-31046.38,-1.0,208.5112326904237,39351857.85599553,39351857.85599553,23.771533917992635,7.930076550449302,89.2,53.00548452876238
1306893809.04,2.1418038,6.7415998,3135.63,26.6,10.0,46.2,307558.34,-30994.01,-1.0,205.69323124764466,38167232.30387467,38167232.30387467,22.67162722547421,8.104781309069756,89.80000000000001,53.08687560487786
1306893809.46,2.1425786,6.7420373,3143.79,27.5,9.7,46.8,307616.63,-30941.53,-1.0,207.75939180695846,37481927.56584451,37481927.56584451,23.852622815767383,7.868991737108123,92.10000000000001,53.16484476498284
1306893809.9,2.1433966,6.7424906,3151.91,28.2,9.4,47.4,307678.19,-30887.07,-1.0,207.58985572337954,36951174.61858185,36951174.61858185,23.253464600280104,7.912908988057673,89.30000000000001,53.24017284897234
1306893810.32,2.1441787,6.7429161,3159.2,28.0,8.9,48.0,307737.13,-30835.88,-1.0,206.43284924137637,34743735.85888047,34743735.85888047,23.94960031655225,7.969472787987856,92.30000000000003,53.3121785357615
1306893810.74,2.1449651,6.7433366,3166.05,29.4,8.5,48.6,307796.41,-30785.22,-1.0,206.0138316006408,32552801.896760482,32552801.896760482,25.386895216438685,7.972814577202781,92.50000000000003,53.38076230654015
1306893811.16,2.1457666,6.7437579,3172.54,30.5,8.1,49.1,307856.91,-30734.39,-1.0,208.27762985779785,30918852.77902217,30918852.77902217,25.73002392227351,7.828724043377245,91.2,53.44624568361801
1306893811.6,2.1466279,6.7442025,3178.95,30.8,7.6,49.8,307921.97,-30680.68,-1.0,211.6557171702309,28090856.0976609,28090856.0976609,26.073297025074396,7.579740678711233,90.8,53.50841431878861
1306893812.04,2.1474945,6.7446418,3184.84,31.2,7.1,50.4,307987.47,-30627.53,-1.0,211.40948971798187,26458929.379938953,26458929.379938953,26.475365004559983,7.433596932564872,92.5,53.56739069674138
1306893812.46,2.1483485,6.745067,3190.08,31.5,6.6,51.0,308052.09,-30576.01,-1.0,216.25098394667376,25290023.511889767,25290023.511889767,25.581559916635367,7.313989770076871,90.39999999999999,53.62273081047716
1306893812.89,2.1492303,6.7454984,3194.93,31.4,6.1,51.5,308118.84,-30523.66,-1.0,216.55769465467762,23164631.296937715,23164631.296937715,24.90756314924252,7.249214775383437,92.9,53.67459542115082
1306893813.32,2.1501387,6.7459351,3199.35,30.9,5.6,52.1,308187.69,-30470.58,-1.0,221.24500202088393,22012481.070278816,22012481.070278816,26.345159516946747,7.034168647733348,91.0,53.723374948709875
1306893813.74,2.1510358,6.7463593,3203.14,30.1,5.1,52.6,308255.72,-30418.96,-1.0,222.2072358998824,20801312.46015819,20801312.46015819,26.85764760448322,7.132961214027796,90.39999999999999,53.76880911318931
1306893814.16,2.1519442,6.7467822,3206.42,28.9,4.6,53.1,308324.66,-30367.41,-1.0,223.6656868028046,20133766.498116273,20133766.498116273,26.237564469071764,7.2883697832701175,93.3,53.81053811581398
1306893814.58,2.1528657,6.7472051,3209.18,27.2,4.1,53.6,308394.63,-30315.81,-1.0,225.54461678285887,20349056.095394984,20349056.095394984,25.26911625472525,7.241346175005383,92.80000000000001,53.84879927066963
1306893815.0,2.153816,6.7476353,3211.46,25.1,3.6,54.0,308466.81,-30263.24,-1.0,231.0005263079745,21281901.25464365,21281901.25464365,25.59619451846413,7.079549908967329,94.00000000000003,53.88356195658389
1306893815.42,2.154761,6.748058,3213.16,22.9,3.1,54.4,308538.63,-30211.53,-1.0,228.98899080393463,21703775.264653064,21703775.264653064,25.83134857109059,7.214977595857115,95.80000000000001,53.91465775710883
1306893815.84,2.1557297,6.7484869,3214.33,20.4,2.6,54.7,308612.31,-30159.02,-1.0,233.57921919762575,23044463.64595205,23044463.64595205,24.499624436265684,7.459019783204589,96.00000000000003,53.94174218405546
1306893816.26,2.1567144,6.7489189,3214.97,17.4,2.1,55.0,308687.19,-30106.07,-1.0,236.42932484778143,23998974.49346826,23998974.49346826,25.501303034563218,7.472551279059312,96.00000000000001,53.9648075821307
1306893816.69,2.1577425,6.7493663,3215.05,13.9,1.7,55.2,308765.44,-30051.2,-1.0,240.242898951638,24166503.371352524,24166503.371352524,26.84427467374813,7.550956800850691,96.59999999999998,53.98392284897234
1306893817.11,2.1587304,6.7497934,3214.61,9.8,1.3,55.4,308840.63,-29998.79,-1.0,236.1733155534308,25113632.661704563,25113632.661704563,27.913577937163186,7.721358347300304,97.1,53.99898846577024
1306893817.53,2.1597571,6.7502351,3213.63,5.7,1.0,55.4,308918.78,-29944.55,-1.0,244.39362160183856,26804313.295586847,26804313.295586847,28.622380274030835,7.758869958750022,98.1,54.00992022430043
1306893817.96,2.1607828,6.7506753,3212.16,1.4,0.7,55.4,308996.84,-29890.5,-1.0,238.71425919351125,27079546.12858413,27079546.12858413,27.709266664497235,7.57221153979163,97.39999999999999,54.016825298666134
1306893818.38,2.1617963,6.7511099,3210.27,-3.0,0.5,55.4,309074.03,-29837.11,-1.0,241.37391610752258,29949384.277880203,29949384.277880203,28.712073943988155,7.4731365979579385,94.5,54.019772586505155
1306893818.81,2.1628278,6.7515531,3207.96,-7.2,0.3,55.5,309152.53,-29782.69,-1.0,240.0868549971521,33133586.992230494,33133586.992230494,30.28189281606103,7.364196327517098,92.10000000000001,54.01883864074837
1306893819.23,2.1638493,6.7519938,3205.32,-11.2,0.3,55.3,309230.28,-29728.59,-1.0,243.51553969297666,35201603.78076495,35201603.78076495,30.22242694780779,7.339305126349421,90.20000000000002,54.01413829079212
1306893819.66,2.1648982,6.7524496,3202.32,-15.0,0.3,55.1,309310.09,-29672.67,-1.0,244.6945409147655,37760308.89085564,37760308.89085564,30.398457319508086,7.369798700994689,89.60000000000001,54.00583995308433
1306893820.08,2.1658938,6.7528864,3199.25,-18.0,0.2,54.8,309385.81,-29619.13,-1.0,238.97191566966387,39538541.26166698,39538541.26166698,30.67822817050803,7.395789009198452,89.0,53.994295771107076
1306893820.5,2.1669026,6.7533344,3195.98,-20.1,0.2,54.4,309462.5,-29564.29,-1.0,242.74272540749323,41207513.17473638,41207513.17473638,30.68492903215809,7.364461863220815,86.3,53.97975836953228
1306893820.92,2.1679161,6.7537908,3192.83,-20.9,4.8,54.0,309539.47,-29508.48,-1.0,244.732759527224,41431938.18732825,41431938.18732825,28.799210747292353,7.144990463171629,86.4,53.96274830828994
1306893821.34,2.1688919,6.7542387,3192.14,-25.1,8.5,53.2,309613.56,-29453.8,-1.0,237.66823641166536,42580235.286370605,42580235.286370605,28.11519400890412,7.196712292092078,83.3,53.94554686472037
1306893821.76,2.1698638,6.7546976,3194.91,-25.0,10.2,52.3,309687.25,-29397.93,-1.0,238.90647389064065,44273403.779943995,44273403.779943995,27.353075111599214,7.335384591897295,82.79999999999998,53.93121615605895
1306893822.19,2.1708609,6.7551802,3201.02,-25.0,10.5,51.8,309762.75,-29339.28,-1.0,241.58087973136503,45790438.16920819,45790438.16920819,27.87766045915349,7.464612994082813,82.3,53.92268815955851
1306893822.61,2.1718113,6.7556475,3209.17,-25.2,11.7,51.3,309834.66,-29282.58,-1.0,237.7902550567245,45661631.51844882,45661631.51844882,29.651998310458435,7.605797695931926,84.30000000000001,53.9218460773188
1306893823.04,2.1727575,6.756118,3219.21,-25.5,12.4,51.0,309906.22,-29225.54,-1.0,233.05562492104622,47770179.26436471,47770179.26436471,26.825577175247123,7.790918600550485,87.30000000000001,53.930458282043205
1306893823.47,2.1737091,6.7565951,3230.93,-25.8,12.5,50.8,309978.16,-29167.74,-1.0,235.31971748349733,48640574.10601495,48640574.10601495,25.108924600367796,7.749311957369111,87.70000000000002,53.95006348764252
1306893823.89,2.1746357,6.7570613,3243.39,-26.0,11.9,50.8,310048.22,-29111.28,-1.0,235.26165522497433,47267928.83491129,47267928.83491129,25.861511147326528,7.528653504419852,86.20000000000002,53.981503776356426
1306893824.31,2.1755589,6.7575255,3256.18,-26.0,11.3,50.8,310118.0,-29055.05,-1.0,234.50863283412394,47694786.93396878,47694786.93396878,26.17570137452976,7.346215476898109,85.5,54.02508535990849
1306893824.73,2.1764592,6.7579767,3268.58,-25.6,10.7,50.9,310186.06,-29000.39,-1.0,228.8908916825493,46846184.505085215,46846184.505085215,26.04079269433513,7.565312504646006,87.2,54.08066278773
1306893825.15,2.1773866,6.7584396,3281.03,-25.0,10.3,51.1,310256.19,-28944.28,-1.0,234.8135562985326,44809965.22521789,44809965.22521789,26.073886714748422,7.836862562146067,86.8,54.14818247276937
1306893825.57,2.1783294,6.758908,3293.31,-24.1,10.3,51.3,310327.47,-28887.49,-1.0,237.84569470448898,42616694.82725735,42616694.82725735,24.319065322011422,7.945183437970132,90.5,54.22563107294435
1306893825.99,2.1792834,6.7593794,3305.41,-22.9,10.3,51.5,310399.66,-28830.3,-1.0,240.01339973123663,40148907.173629984,40148907.173629984,24.008657748486254,7.982449850117747,93.1,54.31022206157077
1306893826.41,2.1802533,6.7598559,3317.5,-21.5,10.2,51.7,310473.03,-28772.47,-1.0,243.08740909385804,36818744.632559925,36818744.632559925,23.946898920895464,8.146372235756461,95.0,54.39939091546403
1306893826.83,2.1812159,6.7603256,3329.48,-19.7,10.5,52.0,310545.88,-28715.43,-1.0,240.88847997908317,32839619.58810376,32839619.58810376,23.329465798709364,8.22862062506806,95.30000000000001,54.49149174661014
1306893827.25,2.1821918,6.7607981,3341.82,-17.4,11.1,52.3,310619.75,-28658.01,-1.0,243.378728409673,30929707.932920847,30929707.932920847,24.526584295906257,8.114294003265318,93.70000000000002,54.58535329516657
1306893827.67,2.1831993,6.7612821,3355.06,-14.9,12.0,52.5,310696.06,-28599.15,-1.0,250.20341236035918,30260519.07911803,30260519.07911803,24.657353399591372,7.984384882771728,93.40000000000002,54.680378448272435
1306893828.09,2.1841999,6.7617589,3369.03,-13.5,12.8,52.8,310771.88,-28541.12,-1.0,248.2611923384696,29481101.06620737,29481101.06620737,23.59153708571182,8.243478957877867,93.60000000000001,54.77655955063464
1306893828.51,2.1852144,6.7622382,3384.19,-12.1,13.6,53.1,310848.78,-28482.75,-1.0,251.09141198991105,30633057.655921984,30633057.655921984,22.71532452529381,8.231102512830013,93.0,54.87455495745878
1306893828.93,2.1862209,6.762709,3400.27,-10.8,14.3,53.4,310925.09,-28425.36,-1.0,248.8500143837466,32527839.172605895,32527839.172605895,21.759822676614032,8.175078946580346,92.5,54.97536751213944
1306893829.35,2.1872607,6.7631901,3417.97,-9.5,15.0,53.8,311003.97,-28366.66,-1.0,256.04170435590197,33718041.687516816,33718041.687516816,22.381521334341418,8.109878319379995,91.19999999999999,55.080199095691505
1306893829.98,2.1888172,6.7638989,3446.59,-7.6,16.3,54.4,311122.13,-28280.04,-1.0,254.95661275052038,34702900.75853438,34702900.75853438,22.19574900669636,7.76573625304246,91.30000000000001,55.19753942814995
1306893830.61,2.1904047,6.7646069,3478.6,-7.6,17.8,55.0,311242.72,-28193.36,-1.0,258.91649484444946,36405432.68171855,36405432.68171855,22.117154064764023,7.824109601589912,90.50000000000001,55.33012144914732
1306893831.03,2.191471,6.765075,3501.95,-7.6,18.8,55.3,311323.78,-28135.96,-1.0,260.51403181333365,36978276.19702622,36978276.19702622,20.607030781668154,7.855625629871783,86.90000000000002,55.47132333016219
1306893831.46,2.1925619,6.7655496,3527.47,-7.6,19.8,55.5,311406.72,-28077.71,-1.0,260.50928287825167,37865555.04108506,37865555.04108506,18.619543467970345,7.552226803576852,84.7,55.622890478018704
1306893831.88,2.1936126,6.7660033,3553.62,-7.8,20.7,55.8,311486.66,-28021.99,-1.0,257.5514656885169,39354553.79990639,39354553.79990639,19.01949479687614,7.3209283631769635,85.2,55.78502958563026
1306893832.51,2.1952157,6.7666909,3596.55,-7.8,22.3,55.8,311608.63,-27937.48,-1.0,262.38303749382436,41420458.70438988,41420458.70438988,19.383512265038675,7.598664663506138,86.4,55.96989725842117
1306893832.73,2.195776,6.7669309,3612.48,-8.1,22.9,55.8,311651.28,-27907.99,-1.0,263.6586832546321,43559006.70738487,43559006.70738487,18.028726267161232,7.317266339007595,88.5,56.15626536865739
1306893833.15,2.1968671,6.7673979,3644.98,-7.6,24.1,55.8,311734.28,-27850.58,-1.0,269.45409914688923,45572068.13931615,45572068.13931615,17.764232554902094,7.299299803633379,88.60000000000001,56.35590775710883
1306893833.59,2.1979674,6.7678684,3679.9,-7.8,25.4,55.9,311818.0,-27792.74,-1.0,261.43715945175023,46941782.79180402,46941782.79180402,19.08814134477147,7.380148095820104,90.5,56.569972717738764
1306893833.8,2.1984954,6.7680944,3697.46,-7.9,26.1,55.9,311858.19,-27764.96,-1.0,264.0727735038995,47608359.51371357,47608359.51371357,20.724133952433725,7.191840291910674,91.1,56.78393050426544
1306893834.45,2.2001352,6.7687997,3755.76,-8.2,28.3,55.6,311982.94,-27678.29,-1.0,267.0797362588172,47450872.8707814,47450872.8707814,21.898271323554827,7.493036935891601,91.10000000000001,57.02060920067838
1306893835.3,2.202212,6.7697077,3839.15,-9.1,31.8,54.9,312140.81,-27566.88,-1.0,264.231609917657,47199591.96190026,47199591.96190026,20.359613651308727,7.284491016483028,90.10000000000001,57.29662079297935
1306893835.73,2.2032407,6.7701677,3885.21,-9.8,33.7,54.4,312218.94,-27510.56,-1.0,264.8233601232496,48406392.760776214,48406392.760776214,21.906401990343447,7.297549400426256,90.30000000000001,57.59001755588398
1306893835.95,2.2037714,6.7704088,3910.43,-10.3,34.7,54.0,312259.22,-27481.09,-1.0,270.66020460787485,49308806.49003229,49308806.49003229,24.395304120342715,7.309290629573983,92.9,57.88318465999597
1306893836.16,2.2042557,6.7706317,3934.41,-10.8,35.7,53.6,312295.94,-27453.87,-1.0,262.2821579127214,48281927.19141009,48281927.19141009,24.868086674036178,7.358731563873203,94.3,58.174690565507774
1306893836.39,2.2047931,6.7708826,3962.13,-11.4,36.7,53.2,312336.69,-27423.27,-1.0,268.66780909830965,51531966.88498914,51531966.88498914,26.398828843504273,7.177852028586278,92.39999999999999,58.45455277023218
1306893836.61,2.2052746,6.7711111,3988.05,-12.1,37.7,52.7,312373.16,-27395.44,-1.0,255.9770350319183,52432345.92027183,52432345.92027183,27.525682643623387,7.35427435626933,93.00000000000001,58.742062612751866
1306893837.03,2.2062136,6.7715692,4041.84,-13.4,39.8,51.6,312444.19,-27339.78,-1.0,266.5610533670665,56047361.43996413,56047361.43996413,30.167517307275332,7.4048490844782755,94.50000000000001,59.04587057425668
1306893837.24,2.2066634,6.7717956,4069.33,-14.3,41.0,50.9,312478.19,-27312.35,-1.0,262.2150801473763,60665002.414092906,60665002.414092906,30.03332189850701,7.411442789616143,92.0,59.34399065299683
1306893837.87,2.2079419,6.7724711,4155.04,-18.3,45.7,48.4,312574.53,-27230.82,-1.0,258.5916677037465,64649831.33121164,64649831.33121164,29.00383435294323,7.6562325204438,93.30000000000001,59.69428155413419
1306893838.29,2.2087336,6.7729242,4215.98,-22.5,49.1,46.0,312633.94,-27176.46,-1.0,256.8469424665336,66863484.19475412,66863484.19475412,29.97697427627863,7.351354628543149,93.2,60.04659345264689
1306893839.14,2.2101102,6.7738249,4344.34,-34.5,54.4,39.6,312736.44,-27069.41,-1.0,247.09426208585242,67591711.89366041,67591711.89366041,30.57109767637122,7.361888011523396,92.20000000000002,60.43333120417795
1306893839.35,2.2104113,6.7740494,4377.61,-36.8,55.4,38.0,312758.66,-27042.94,-1.0,244.8356479488723,66109821.647369996,66109821.647369996,29.474738383642745,7.179638895867757,92.60000000000002,60.810277835848986
1306893839.56,2.2106799,6.7742618,4409.44,-38.7,56.5,36.0,312778.41,-27017.99,-1.0,230.764665451782,64791067.50390198,64791067.50390198,27.22079759001391,7.144465041073298,91.70000000000002,61.192284616251435
1306893839.77,2.2109349,6.774476,4441.87,-40.8,57.4,34.2,312797.06,-26992.9,-1.0,230.93040316375343,67335125.76159102,67335125.76159102,25.07715986032634,7.210601227531426,88.0,61.58076011931355
1306893841.03,2.2121347,6.7757815,4644.26,-55.1,61.9,20.5,312882.66,-26841.77,-1.0,228.06820943227933,66164355.13534407,66164355.13534407,25.118165632432344,7.27202578112766,90.39999999999999,62.10295062675013
1306893841.24,2.2122738,6.775998,4678.3,-58.0,62.5,17.8,312892.13,-26817.01,-1.0,221.75358577398262,68114159.56023583,68114159.56023583,26.48844220514943,7.098692037714939,87.7,62.63135723217445
1306893841.45,2.2123965,6.7762154,4712.52,-60.6,62.9,15.2,312900.28,-26792.25,-1.0,221.1028170215593,67520800.49094954,67520800.49094954,26.112620945201943,7.30745013138935,87.40000000000002,63.14478242902484
1306893841.66,2.212501,6.7764314,4746.56,-63.6,63.3,12.4,312907.03,-26767.71,-1.0,218.61746954189002,63870452.11842117,63870452.11842117,24.965947949888292,7.304543486748203,89.70000000000002,63.66322184284811
1306893841.87,2.2125877,6.7766451,4780.21,-66.4,63.5,9.7,312912.34,-26743.53,-1.0,215.11169705500652,57639328.60264648,57639328.60264648,24.320137715550306,7.0330582435106175,88.9,64.14180780085336
1306893842.08,2.2126576,6.7768594,4813.94,-69.4,61.4,6.9,312916.34,-26719.37,-1.0,214.59898859924039,53817763.88457063,53817763.88457063,23.45190329524403,7.303085496949506,86.39999999999999,64.59956370636517
1306893842.72,2.2128128,6.7775174,4916.4,-66.4,52.9,5.2,312923.94,-26645.49,-1.0,213.83933836283663,50121977.373355635,50121977.373355635,25.33139280178925,7.536191655723901,87.5,65.03749240277813
1306893842.99,2.2128749,6.7778045,4959.69,-63.5,51.3,6.0,312926.78,-26613.28,-1.0,216.4901719640383,46084378.14067874,46084378.14067874,24.433853885325576,7.723235284039328,87.30000000000001,65.48309170286562
1306893843.43,2.2129809,6.7782676,5027.12,-61.6,49.5,7.8,312931.88,-26561.3,-1.0,210.57673820727112,46298525.33772708,46298525.33772708,25.918515109360225,7.868774206652964,88.60000000000001,65.95594384634768
1306893843.64,2.2130363,6.7784954,5059.18,-61.1,48.6,8.7,312934.63,-26535.71,-1.0,212.82298685431715,45809484.786816515,45809484.786816515,28.08507695633295,7.954244117119393,90.1,66.42851274398546
1306893843.85,2.2130952,6.7787277,5091.15,-60.4,47.9,9.5,312937.66,-26509.61,-1.0,214.31258482027349,44398702.4571838,44398702.4571838,26.955180310877743,7.973949267150992,88.7,66.77062013681136
1306893844.27,2.2132206,6.7791938,5153.15,-59.0,47.9,11.1,312944.22,-26457.19,-1.0,211.5305979415367,43557688.553459376,43557688.553459376,26.330739572218903,8.17010375799148,89.8,67.13413172911233
1306893844.91,2.2134121,6.7799112,5244.17,-73.2,53.6,10.5,312954.25,-26376.52,-1.0,208.699658369206,43760108.58051347,43760108.58051347,24.585821782517474,8.052536096902584,87.60000000000001,67.5411253861552
1306893845.12,2.2134611,6.7801464,5273.32,-79.8,55.9,8.7,312956.47,-26350.15,-1.0,205.63999420592387,43875655.46928745,43875655.46928745,25.827560016100314,7.775796051641645,87.20000000000002,67.94437560487786
1306893845.75,2.2135075,6.7808776,5361.37,-95.1,59.4,359.2,312954.91,-26268.69,-1.0,208.5827963354529,44501069.90087606,44501069.90087606,27.8681848076302,7.730711198878741,88.8,68.38927061800122
1306893846.4,2.2133565,6.7816288,5447.05,-79.8,52.9,350.4,312937.59,-26186.0,-1.0,203.12403871073911,44518358.809583545,44518358.809583545,28.93759342899214,7.666597694655162,90.00000000000001,68.87393487871863
1306893846.62,2.2132703,6.78189,5476.4,-76.7,50.3,349.0,312928.91,-26157.42,-1.0,208.0352233456756,44639392.348189816,44639392.348189816,26.99443775690549,7.525485082363492,89.5,69.30263129166701
1306893847.07,2.2130762,6.7824113,5534.06,-74.9,43.3,348.4,312909.84,-26100.5,-1.0,202.6525415950956,42487611.294603884,42487611.294603884,27.541268654755612,7.494911267864496,88.8,69.74232836078336
1306893847.49,2.2128923,6.7829046,5586.48,-69.9,40.1,349.7,312891.75,-26046.64,-1.0,202.03247894427452,41051591.264841825,41051591.264841825,28.57802953145822,7.3978965072746625,88.00000000000001,70.17053483497409
1306893847.93,2.2127078,6.7834347,5639.89,-64.6,38.1,351.3,312873.38,-25988.69,-1.0,202.35769369769037,39066096.716227695,39066096.716227695,27.055933329136497,7.189938262651629,87.80000000000001,70.61508535990848
1306893848.15,2.2126187,6.7837084,5666.24,-63.5,37.2,352.1,312864.38,-25958.74,-1.0,204.71583085904314,36689508.59541326,36689508.59541326,25.954378831944368,7.053415590812099,90.10000000000001,71.0553336101272
1306893848.58,2.2124569,6.7842408,5715.2,-62.2,35.4,353.8,312847.78,-25900.41,-1.0,200.5040550569974,34777270.7431268,34777270.7431268,23.801658603126732,7.181400141064167,89.4,71.4855993581587
1306893849.22,2.2122363,6.7850652,5785.27,-59.8,32.7,356.0,312824.44,-25809.96,-1.0,202.33578982430282,33960993.632142335,33960993.632142335,24.76102079079838,7.153162483460823,90.8,71.89982726717008
1306893850.1,2.2119788,6.7862401,5874.19,-64.5,33.5,358.4,312795.69,-25680.75,-1.0,201.96667135844848,33356542.64375046,33356542.64375046,24.694275266061222,7.459740128822734,87.9,72.35981086297059
1306893850.73,2.2117867,6.7870984,5933.8,-78.3,40.1,356.2,312774.38,-25586.39,-1.0,201.56303761088765,32376948.484451134,32376948.484451134,22.839090535867104,7.783020873754873,87.0,72.79802280522782
1306893851.36,2.211491,6.7879581,5991.52,-90.2,45.5,349.1,312744.84,-25492.39,-1.0,202.092688831001,32179470.289565045,32179470.289565045,20.45542553474267,7.730909910542742,85.9,73.21483054800997
1306893851.57,2.2113524,6.7882448,6010.3,-92.8,44.9,346.3,312731.81,-25461.24,-1.0,204.1979785027225,30393946.320831083,30393946.320831083,22.82510355747984,7.70911565141163,88.40000000000002,73.62354664599772
1306893852.01,2.2110102,6.7888136,6046.68,-84.9,43.6,340.4,312700.69,-25399.79,-1.0,196.7044087738798,29397041.945904694,29397041.945904694,23.094052909266125,7.639357254997048,91.50000000000003,74.01597228029343
1306893852.43,2.2106059,6.7893459,6080.63,-74.5,40.4,335.4,312664.91,-25342.72,-1.0,198.29476762555308,30915994.909072347,30915994.909072347,21.50529829571831,7.899191290974478,92.4,74.39425858825493
1306893852.64,2.2103787,6.7896082,6097.63,-74.3,38.3,333.3,312645.06,-25314.74,-1.0,200.28155916384955,34888936.50141139,34888936.50141139,21.002810010834096,8.11956713155459,93.6,74.7446719740817
1306893853.29,2.209636,6.7903804,6147.68,-72.2,29.8,330.2,312580.81,-25232.73,-1.0,195.19861085456054,40789102.60929322,40789102.60929322,23.511842188059912,8.280414544476482,92.7,75.1132284045279
1306893853.93,2.2088637,6.7911527,6194.56,-65.2,20.8,331.1,312514.19,-25150.86,-1.0,197.75212620416386,46742180.597646415,46742180.597646415,23.560388896602955,8.014502905860109,92.60000000000001,75.4801925340117
1306893854.14,2.2086135,6.7914107,6208.92,-64.6,19.3,331.7,312492.56,-25123.48,-1.0,197.3762710958942,48792193.421740964,48792193.421740964,23.038981132537717,8.012459413990427,91.2,75.80450902570024
1306893854.79,2.2078644,6.7922186,6249.41,-62.4,16.0,333.8,312427.53,-25037.53,-1.0,195.34785980788342,46498545.451636426,46498545.451636426,21.83248221653152,7.8492769673236165,92.00000000000001,76.09175093296184
1306893855.86,2.206678,6.793626,6304.74,-60.3,10.5,337.3,312323.66,-24887.22,-1.0,197.62857668569026,40219524.066282496,40219524.066282496,21.11757300006646,7.69965171778419,90.60000000000001,76.37571637478162
1306893856.07,2.2064573,6.7939074,6313.66,-60.1,9.5,337.9,312304.19,-24857.08,-1.0,195.9797643111912,31328710.871969096,31328710.871969096,23.321423216752013,7.653564470335311,92.00000000000001,76.62232398633017
1306893856.51,2.2060044,6.7945072,6330.44,-59.6,7.4,339.3,312264.09,-24792.74,-1.0,196.72160688166474,23572306.804063566,23572306.804063566,22.350482639877146,7.501397535059141,91.80000000000001,76.86740053926106
1306893856.72,2.2057908,6.7948009,6337.59,-59.6,6.9,339.9,312245.13,-24761.21,-1.0,199.03679886463476,19474928.421659783,19474928.421659783,22.224941604918868,7.506836679774124,92.0,77.09010067049466
1306893857.39,2.2051291,6.7957477,6356.5,-59.6,6.5,341.1,312186.03,-24659.39,-1.0,198.84838700394312,17579968.714642297,17579968.714642297,22.60969175074964,7.304784242941268,90.1,77.30128724092336
1306893857.81,2.2047195,6.7963516,6365.74,-59.6,6.5,341.4,312149.31,-24594.39,-1.0,200.2369292315713,16718608.250275819,16718608.250275819,24.242895420100254,7.359625677079569,89.0,77.50653330391548
1306893858.24,2.2042997,6.7969735,6373.38,-59.8,6.5,341.3,312111.69,-24527.43,-1.0,200.7069655689235,15134179.944697231,15134179.944697231,22.136820017275504,7.230663374387392,89.10000000000001,77.67931326891984
1306893858.87,2.2036695,6.7978953,6381.81,-59.8,6.5,340.7,312055.25,-24428.23,-1.0,202.82689173866987,12412790.244197536,12412790.244197536,22.96293760543265,7.1285677520141615,88.60000000000001,77.82265863199946
1306893859.08,2.2034603,6.7981948,6383.9,-60.0,6.5,340.3,312036.59,-24396.02,-1.0,198.63704156264512,10751225.673163187,10751225.673163187,24.531584320497842,7.280496882243716,90.7,77.95661095045965
1306893859.73,2.2027714,6.7991501,6388.81,-60.0,6.5,338.9,311975.28,-24293.39,-1.0,204.97874953167656,12919105.447832778,12919105.447832778,25.163428247471987,7.0828038397063455,90.8,78.06332573611145
1306893860.15,2.2023098,6.7997597,6390.71,-60.0,6.3,337.7,311934.44,-24228.02,-1.0,204.20498811807008,16996681.521984242,16996681.521984242,26.521950009992725,7.181685164301472,93.5,78.12913829079213
1306893860.57,2.2018203,6.8003777,6391.78,-60.0,6.0,336.4,311891.31,-24161.85,-1.0,208.41176056338008,22047039.533552043,22047039.533552043,26.59657149686365,7.2132166130960504,94.19999999999999,78.18894144039842
1306893861.43,2.2007574,6.8016216,6391.74,-60.0,5.6,333.4,311798.38,-24029.07,-1.0,208.28398904033284,26752832.138175216,26752832.138175216,27.383178332500286,7.300959752578612,94.0,78.23586838703008
1306893861.85,2.2001999,6.8022234,6390.79,-60.0,5.4,331.7,311750.0,-23965.04,-1.0,210.33197659528477,28465388.228933293,28465388.228933293,28.168317380181847,7.073173056222461,91.70000000000002,78.27659454626018
1306893862.28,2.1996094,6.8028263,6389.31,-60.0,5.2,329.9,311699.0,-23901.06,-1.0,209.12439799445144,29471936.774831798,29471936.774831798,29.292522191412452,7.3106272397497145,92.4,78.30171156288311
1306893862.49,2.1992997,6.8031293,6388.38,-59.9,5.1,329.1,311672.34,-23868.97,-1.0,217.1533291905561,30796018.6637622,30796018.6637622,27.965344274390855,7.037804405930746,93.60000000000001,78.31904314643515
1306893862.7,2.1989902,6.8034233,6387.36,-59.9,5.0,328.1,311645.78,-23837.88,-1.0,212.9930823692296,31306955.97739653,31306955.97739653,30.05120666151325,7.29404829425848,91.7,78.3297452461727
1306893863.12,2.1983553,6.8040009,6385.05,-59.9,4.8,326.3,311591.47,-23776.93,-1.0,212.30079007804952,33387017.298555564,33387017.298555564,31.71347601941393,7.363405681418424,92.3,78.33222556113333
1306893863.96,2.1970114,6.8051214,6379.42,-59.9,4.5,322.5,311477.19,-23659.28,-1.0,212.44009976248603,36168790.30265612,36168790.30265612,31.697873409330292,7.165736956884196,90.3,78.32879598982973
1306893864.38,2.196289,6.8056729,6376.12,-59.9,4.5,320.5,311416.13,-23601.68,-1.0,216.23673354639104,37482562.92748609,37482562.92748609,32.03831234855326,7.20879098059025,92.30000000000001,78.31908142290061
1306893864.8,2.1955404,6.806211,6372.57,-59.7,4.2,318.6,311353.09,-23545.7,-1.0,216.54434650904582,39648111.5329885,39648111.5329885,31.78162205091575,7.173657053192844,89.39999999999999,78.30519472123831
1306893865.01,2.1951549,6.8064758,6370.7,-59.3,4.2,317.6,311320.72,-23518.23,-1.0,217.54294597328655,41179146.732251294,41179146.732251294,29.474287536973513,7.245857193117267,88.60000000000002,78.28905736340803
1306893865.23,2.1947493,6.8067459,6368.72,-57.8,4.0,316.6,311286.75,-23490.29,-1.0,215.01272419993143,42714626.634998366,42714626.634998366,27.78715619726118,7.294724077903798,86.1,78.27143487871862
1306893865.65,2.1939445,6.8072589,6364.78,-51.2,3.3,314.8,311219.44,-23437.37,-1.0,218.49124602978588,44903067.84735059,44903067.84735059,26.544783190791343,7.623158591459108,85.3,78.25152346139579
1306893866.08,2.1931114,6.8077649,6360.72,-42.2,2.4,313.4,311149.97,-23385.38,-1.0,215.94233411071764,46556681.66860504,46556681.66860504,25.76060233172739,7.297162418800911,84.90000000000002,78.22963697845616
1306893866.93,2.191393,6.8087591,6352.24,-26.9,1.0,311.7,311007.0,-23283.65,-1.0,220.07459579759913,46732477.65125317,46732477.65125317,26.930101129867946,7.378921473239713,84.60000000000001,78.20197074923482
1306893867.36,2.1905034,6.809258,6347.67,-19.8,0.6,311.2,310933.09,-23232.73,-1.0,222.0597957192736,45869717.11538175,45869717.11538175,26.464206866322062,7.043459474380847,83.80000000000003,78.17158689096709
1306893867.78,2.1896268,6.8097435,6343.0,-14.2,0.3,310.8,310860.31,-23183.24,-1.0,222.7737853080438,43601639.34259833,43601639.34259833,24.784612235914526,7.101063331037622,82.70000000000002,78.13939638353051
1306893867.99,2.1891727,6.8099932,6340.52,-11.9,0.2,310.7,310822.66,-23157.79,-1.0,229.55534807714264,40406197.72157554,40406197.72157554,22.902423238059086,7.200513927380637,84.60000000000001,78.10961729341678
1306893868.2,2.1887356,6.8102328,6338.09,-9.6,0.1,310.6,310786.38,-23133.39,-1.0,221.3415725685091,38922628.874649025,38922628.874649025,22.448880328218003,7.251261410233187,83.40000000000002,78.08050421380175
1306893868.62,2.1878414,6.8107212,6333.01,-5.8,-0.2,310.4,310712.19,-23083.66,-1.0,225.76261519064116,36158736.35983708,36158736.35983708,22.61834756251049,7.144840553148569,87.10000000000001,78.05021987434418
1306893869.26,2.1864765,6.8114642,6325.01,-1.5,-0.4,310.3,310598.97,-23008.03,-1.0,225.8387587304726,34516904.05934428,34516904.05934428,24.730919162244504,7.006183512723293,88.20000000000002,78.01524284022342
1306893869.68,2.1855589,6.8119634,6319.48,0.5,-0.4,310.3,310522.88,-22957.21,-1.0,230.95431933803656,32452171.623710286,32452171.623710286,25.989149151636944,7.048569336875536,91.20000000000002,77.97754817705632
1306893870.12,2.1846209,6.8124743,6313.74,2.0,-0.4,310.4,310445.06,-22905.2,-1.0,225.8577349138038,29825382.87872667,29825382.87872667,27.013774729718666,6.880520457163237,92.6,77.93847556113332
1306893870.76,2.1832226,6.8132383,6305.03,3.4,-0.4,310.4,310329.09,-22827.4,-1.0,231.36529419201065,26991276.38761111,26991276.38761111,26.01694015420548,6.853572322636502,93.8,77.89584323392421
1306893871.18,2.1822799,6.8137554,6299.08,3.9,-0.7,310.4,310250.88,-22774.73,-1.0,237.69780994336054,26449106.566078212,26449106.566078212,26.67227253260798,6.905765506544715,92.19999999999999,77.85514769586648
1306893871.6,2.1813528,6.8142656,6293.18,4.2,-0.7,310.4,310173.94,-22722.73,-1.0,234.34992366189365,27056519.82409583,27056519.82409583,26.204281716471577,7.086005004300189,94.1,77.81343400382798
1306893872.44,2.1794935,6.8152946,6281.21,4.2,-0.7,310.8,310019.63,-22617.82,-1.0,235.44617911186205,26740482.553386398,26740482.553386398,27.049722835452506,7.166323634999461,94.6,77.76613194783498
1306893872.87,2.1785413,6.8158246,6275.03,4.0,-0.9,310.8,309940.56,-22563.76,-1.0,236.12240165950607,28779132.104355894,28779132.104355894,29.182637082212683,7.031509727474396,93.5,77.7159974333993
1306893873.29,2.1775986,6.8163511,6268.88,3.8,-0.9,310.8,309862.28,-22510.03,-1.0,239.46451715195428,28866011.18935293,28866011.18935293,28.988994185201815,7.147539126819496,94.39999999999999,77.66301514993472
1306893873.93,2.1761476,6.8171648,6259.36,3.4,-0.9,310.8,309741.78,-22426.96,-1.0,242.1302779042334,28600275.393475235,28600275.393475235,29.729150493652323,7.333252448711487,93.19999999999999,77.60663391633892
1306893874.14,2.1756763,6.81743,6256.25,3.2,-0.9,311.1,309702.63,-22399.88,-1.0,240.16846540036428,28207253.98922264,28207253.98922264,30.278048054918322,7.446295176655843,89.4,77.55399612106334
1306893874.56,2.1747237,6.8179671,6249.96,3.0,-1.1,311.1,309623.53,-22345.02,-1.0,242.70461406226843,28441593.661287952,28441593.661287952,29.775278406823638,7.464706610020242,89.30000000000001,77.50077652351303
1306893874.78,2.1742197,6.818252,6246.63,2.8,-1.1,311.2,309581.66,-22315.93,-1.0,245.26363544091708,28235835.414400984,28235835.414400984,28.71075857965675,7.386061315987667,88.2,77.449401851597
1306893875.42,2.1727491,6.8190853,6236.86,2.5,-1.2,311.2,309459.47,-22230.78,-1.0,246.25964521414798,28814704.29790457,28814704.29790457,28.122913216824237,7.4752177286494215,85.8,77.39721571861364
1306893875.64,2.1722499,6.8193689,6233.53,2.4,-1.2,311.3,309417.97,-22201.79,-1.0,243.68884461527003,29765041.363156922,29765041.363156922,26.013992245489224,7.378537718915717,87.4,77.34703527241942
1306893876.08,2.1712364,6.8199457,6226.77,2.1,-1.2,311.3,309333.78,-22142.82,-1.0,247.21424628756418,29768948.343258455,29768948.343258455,25.209244246103047,7.426603463393862,86.00000000000001,77.2961964710196
1306893876.5,2.170244,6.8205119,6220.12,2.0,-1.3,311.3,309251.28,-22084.94,-1.0,253.56092247161467,30656055.125023834,30656055.125023834,23.89080158732512,7.521669787570365,88.90000000000002,77.24943028554277
1306893876.71,2.1697671,6.8207844,6216.92,1.9,-1.3,311.4,309211.66,-22057.07,-1.0,244.32700931281894,31535168.60260488,31535168.60260488,21.857996817318135,7.449921120868408,88.5,77.20494537740629
1306893877.36,2.1682414,6.821658,6206.66,1.7,-1.4,311.4,309084.84,-21967.71,-1.0,252.33750277031038,29341592.028571937,29341592.028571937,22.517098348010123,7.366547159871355,86.7,77.15731414381048
1306893878.0,2.1667502,6.8225144,6196.59,1.7,-1.4,311.5,308960.88,-21880.1,-1.0,250.87552218929,29011810.723578833,29011810.723578833,21.6976642094685,7.018784231728954,87.3,77.10926186909484
1306893878.84,2.1647598,6.8236612,6183.07,1.7,-1.6,311.5,308795.41,-21762.73,-1.0,255.2409973173176,28423600.066651326,28423600.066651326,19.579033484027544,7.026989121716038,88.0,77.05324043427419
1306893879.48,2.1632201,6.8245512,6172.56,1.7,-1.6,311.6,308667.38,-21671.62,-1.0,259.28952263232253,27636020.83782673,27636020.83782673,19.19712344815834,6.875747739128338,86.70000000000002,76.99398846577024
1306893879.69,2.1627214,6.8248399,6169.14,1.7,-1.7,311.6,308625.91,-21642.06,-1.0,256.2946849974477,28489038.916132968,28489038.916132968,21.326828873020094,7.134335946616795,89.80000000000001,76.93466759962851
1306893880.75,2.1601698,6.8263216,6151.61,1.3,-1.7,311.6,308413.72,-21490.31,-1.0,259.9166272659233,30147677.32052173,30147677.32052173,23.005936370586376,7.355913030566819,91.3,76.86940622605022
1306893884.56,2.1508851,6.8317565,6087.46,1.4,-1.7,311.6,307641.34,-20933.25,-1.0,263.845262383754,31171020.11739931,31171020.11739931,24.960737036538482,7.582292864661552,91.90000000000002,76.75758535990848
1306893886.03,2.1473122,6.833864,6062.6,1.5,-1.7,311.6,307344.03,-20717.08,-1.0,264.0437805471888,32613239.24789082,32613239.24789082,25.17004259201322,7.430758780946357,95.10000000000001,76.6319084132768
1306893886.66,2.145809,6.8347536,6052.1,1.5,-1.7,312.0,307218.94,-20625.8,-1.0,259.826515573762,34370352.524783514,34370352.524783514,27.159955521511286,7.116871724275587,91.40000000000002,76.50328417880613
1306893890.06,2.1376731,6.8396014,5994.81,2.4,-1.7,312.0,306541.72,-20128.08,-1.0,261.29417583946054,33921064.09184865,33921064.09184865,28.46815783788586,7.105316587245688,91.10000000000002,76.33325246402048
1306893890.27,2.1371788,6.8398979,5991.3,3.1,-1.7,312.0,306500.56,-20097.62,-1.0,258.0179219164259,34616569.66892072,34616569.66892072,27.62346706767481,7.069208669439281,93.10000000000002,76.16838807206946
1306893890.9,2.1356729,6.8408036,5980.58,3.1,-1.7,312.0,306375.16,-20004.55,-1.0,262.0889709664863,33802230.66646128,33802230.66646128,28.528993808359235,7.279211622034653,90.20000000000002,76.0030260860677
1306893891.54,2.1341764,6.8417074,5969.88,3.8,-1.7,312.0,306250.53,-19911.65,-1.0,257.14573622729785,33225645.20207397,33225645.20207397,30.699894311863282,7.232686876764484,91.00000000000001,75.83982289271687
1306893891.76,2.1336551,6.8420231,5966.15,3.9,-1.7,312.5,306207.13,-19879.18,-1.0,260.6684112029167,32714494.039166257,32714494.039166257,31.644469157882135,7.185213404675278,91.4,75.68180998807996
1306893892.39,2.1321652,6.8429282,5955.45,3.7,-1.7,312.6,306083.0,-19786.1,-1.0,260.5940194301544,32061000.4677928,32061000.4677928,30.157919168549075,7.099440506799891,88.80000000000001,75.51822403007472
1306893893.03,2.1306683,6.8438412,5944.66,3.3,-1.7,312.7,305958.25,-19692.16,-1.0,258.37552012074553,32266816.4941305,32266816.4941305,28.57929868133975,6.8617237420913595,89.6,75.35979773961101
1306893893.25,2.1301555,6.8441548,5940.96,3.2,-1.7,312.7,305915.53,-19659.89,-1.0,257.75745152984393,33214433.164242752,33214433.164242752,28.46549479343003,6.698932462267903,89.5,75.24764769586648
1306893893.68,2.1291456,6.8447736,5933.66,3.0,-1.9,312.7,305831.38,-19596.21,-1.0,259.8341814832406,34221029.654912725,34221029.654912725,29.858398238376243,6.883893100836034,88.9,75.14894034678512
1306893894.1,2.1281541,6.8453826,5926.47,2.7,-1.9,312.7,305748.72,-19533.52,-1.0,261.44869188980346,35053921.44420447,35053921.44420447,29.216586087823522,7.032478484095822,91.10000000000001,75.052766899716
1306893894.31,2.1276812,6.8456736,5923.03,2.7,-1.9,312.7,305709.31,-19503.56,-1.0,250.22116870088118,35546668.66915458,35546668.66915458,29.11684281327288,7.195115546779389,93.60000000000001,74.99781720592773
1306893894.94,2.1262093,6.8465811,5912.32,2.4,-1.9,312.7,305586.63,-19410.11,-1.0,259.2805704936501,33046741.5478753,33046741.5478753,29.148235141149975,7.398718989891179,93.30000000000001,74.93735570111582
1306893895.57,2.1247484,6.8474845,5901.66,2.1,-1.9,312.7,305464.81,-19317.05,-1.0,257.8520323304348,32367177.13403974,32367177.13403974,29.221298052405082,7.514038828349036,95.60000000000002,74.87694012806246
1306893895.78,2.1242623,6.8477857,5898.1,2.1,-1.9,313.0,305424.28,-19286.02,-1.0,257.61683802666323,32114348.090327453,32114348.090327453,27.866595618317568,7.574749952948266,97.4,74.82199043427418
1306893897.28,2.1208096,6.8499329,5872.73,1.6,-1.9,313.0,305136.34,-19064.74,-1.0,256.6856354218611,32290843.577007353,32290843.577007353,27.848700914717018,7.773653364137594,97.9,74.75047468624268
1306893898.55,2.1178967,6.8517542,5851.19,1.4,-1.9,313.0,304893.41,-18876.97,-1.0,256.4147848619049,32244048.115502626,32244048.115502626,27.996613543240734,7.594636164379734,100.7,74.6706606005034
1306893899.18,2.1164594,6.8526559,5840.5,1.3,-1.9,313.0,304773.5,-18783.98,-1.0,255.55132975813558,32178643.414457254,32178643.414457254,29.07013593136997,7.712381072638333,100.4,74.590923067695
1306893900.24,2.1140385,6.8541792,5822.41,1.2,-1.9,313.3,304571.5,-18626.83,-1.0,256.16996218388994,32282288.225809697,32282288.225809697,28.222856363635678,7.743277007235551,99.6,74.50016956813245
1306893900.67,2.1130669,6.8547924,5815.01,-0.7,-3.4,313.3,304490.44,-18563.56,-1.0,253.92060365653478,32869776.569316875,32869776.569316875,27.654520066983054,7.4936916102609885,98.6,74.409339515639
1306893900.88,2.1125754,6.8551034,5810.97,-3.3,-4.1,313.4,304449.44,-18531.47,-1.0,262.82873517875646,33867045.866760366,33867045.866760366,27.344810332882677,7.408949072895597,96.8,74.3209208804684
1306893901.52,2.1111432,6.8560133,5797.49,-3.8,-4.7,313.4,304329.88,-18437.52,-1.0,252.74077199752156,34560960.993801236,34560960.993801236,26.692977047879744,7.571998234642387,95.1,74.22481633103709
1306893901.73,2.1106737,6.8563128,5792.59,-3.8,-4.7,313.6,304290.69,-18406.59,-1.0,253.13308315669926,35495026.532656305,35495026.532656305,27.446524645740414,7.63626200530427,92.60000000000001,74.13315950689011
1306893902.15,2.1097261,6.8569188,5782.21,-3.9,-4.5,313.6,304211.56,-18344.0,-1.0,255.7439378014564,36353783.546601616,36353783.546601616,25.147818907342785,7.667838566315274,93.0,74.0417170309496
1306893902.37,2.1092433,6.8572282,5776.76,-3.9,-4.4,313.6,304171.25,-18312.04,-1.0,249.44110005095115,37883304.23887116,37883304.23887116,25.514240197574,7.553196478399047,92.30000000000001,73.94882770461541
1306893903.0,2.1078366,6.858131,5760.61,-3.8,-4.0,313.6,304053.78,-18218.75,-1.0,253.78293858932872,35791498.71884387,35791498.71884387,25.961537751731267,7.566694635021214,92.40000000000002,73.86299655850866
1306893903.42,2.1068981,6.8587342,5749.87,-3.8,-3.8,313.6,303975.41,-18156.43,-1.0,254.08034889559718,33140873.709361844,33140873.709361844,26.092992174689073,7.664345029522803,88.7,73.78543312893736
1306893904.06,2.1054804,6.8596466,5733.98,-3.6,-3.5,313.6,303857.0,-18062.13,-1.0,252.15595076462375,31884368.219859216,31884368.219859216,25.79304959377114,7.4907077163927465,89.80000000000001,73.7038889469601
1306893904.27,2.1050197,6.8599434,5728.94,-3.5,-3.4,313.6,303818.53,-18031.45,-1.0,249.90286303167952,31285603.76046186,31285603.76046186,26.72290374955959,7.746579067523202,89.90000000000002,73.63233492246316
1306893904.71,2.1040403,6.8605757,5718.44,-2.9,-3.2,313.6,303736.72,-17966.09,-1.0,253.5481558111749,31402860.64666349,31402860.64666349,26.15781952167781,7.843697921431364,89.10000000000001,73.55840775710882
1306893905.13,2.1031044,6.8611835,5708.64,-2.9,-3.2,313.9,303658.53,-17903.23,-1.0,254.43890399156467,31605658.03808911,31605658.03808911,27.13029828006983,7.9873500228523735,92.20000000000002,73.4800711429356
1306893905.34,2.1026457,6.8614829,5703.9,-3.3,-3.3,314.0,303620.19,-17872.25,-1.0,250.3096100994283,31770921.40696452,31770921.40696452,26.60710999236251,7.759405896385463,90.7,73.40842525492161
1306893905.99,2.1012305,6.8624076,5689.27,-4.2,-3.6,313.8,303501.91,-17776.57,-1.0,249.64811212897686,31397289.755662583,31397289.755662583,25.818038880054356,7.6678790494378335,90.50000000000001,73.32933076673262
1306893906.63,2.0998278,6.8633184,5674.45,-3.6,-3.9,313.8,303384.72,-17682.37,-1.0,250.51660523262353,31229399.774593197,31229399.774593197,25.990474943994613,7.676986594671759,88.5,73.24683732841241
1306893906.84,2.0993744,6.8636121,5669.56,-3.4,-4.0,313.8,303346.84,-17652.0,-1.0,246.7983426288064,30949667.83292111,30949667.83292111,24.54744168385063,7.573814850727411,87.9,73.16477258650515
1306893907.47,2.097988,6.8645104,5654.51,-1.7,-0.6,313.5,303231.03,-17559.1,-1.0,251.28787076509548,31022703.70209511,31022703.70209511,24.23989494267854,7.450909830423975,86.3,73.08354992683762
1306893908.1,2.096615,6.865402,5644.6,6.7,10.4,313.8,303116.34,-17466.89,-1.0,248.6068569711383,31493223.261594918,31493223.261594918,24.4417387125952,7.4924528431404145,89.5,73.00296265649641
1306893908.31,2.0961497,6.8657087,5644.44,8.7,13.3,314.2,303077.44,-17435.13,-1.0,253.7899266939857,32046262.72353498,32046262.72353498,25.08638712767643,7.699650200364583,88.00000000000001,72.9344171621832
1306893908.95,2.0947683,6.8666282,5653.24,8.2,10.8,314.5,302961.88,-17339.85,-1.0,249.17249437964267,31551830.159745358,31551830.159745358,24.05137106771312,7.304799698991188,89.4,72.87646659350428
1306893909.58,2.093436,6.8675296,5670.08,3.0,17.3,315.3,302850.34,-17246.34,-1.0,247.43074188104015,31036426.137670085,31036426.137670085,22.83909095903124,7.226332691764913,91.5,72.83944559612894
1306893909.79,2.0929994,6.8678282,5677.72,-4.3,15.7,315.2,302813.75,-17215.33,-1.0,246.16492405231665,30724064.374087255,30724064.374087255,21.084449097004754,7.050512952167019,89.4,72.81577542989973
1306893910.21,2.0921108,6.8684305,5694.55,-20.2,12.9,314.8,302739.34,-17152.84,-1.0,249.557512987856,29012871.148858212,29012871.148858212,21.611816399049598,7.244346051473528,91.1,72.80861773086211
1306893910.43,2.09165,6.8687383,5703.23,-31.9,11.7,314.5,302700.81,-17120.93,-1.0,245.43300786355448,27712353.028904006,27712353.028904006,22.1725038925266,7.2871199718804895,93.8,72.81930452001347
1306893911.07,2.090274,6.8696424,5726.61,-81.2,9.4,314.0,302585.78,-17027.33,-1.0,249.05928586008184,27381314.531790018,27381314.531790018,24.617085936725957,7.20408794852013,93.10000000000002,72.85923452876237
1306893911.29,2.0897985,6.8699498,5733.57,-98.0,12.7,313.4,302546.09,-16995.54,-1.0,247.66390751153637,28561934.145861275,28561934.145861275,26.751868798947676,7.552389994883505,92.00000000000001,72.90823605982098
1306893911.72,2.0888295,6.8705437,5745.01,-122.7,12.8,310.9,302465.41,-16934.38,-1.0,250.77871053230916,31653964.27040732,31653964.27040732,26.227848089579425,7.562228765718664,91.70000000000002,72.97751646227069
1306893912.14,2.0878415,6.8711016,5751.69,-134.8,10.3,308.5,302383.44,-16877.31,-1.0,251.3620058357453,36617791.921647705,36617791.921647705,27.06602510367668,7.582888199972565,89.80000000000001,73.05949699595398
1306893912.35,2.0873499,6.8713626,5753.08,-136.6,8.9,307.3,302342.81,-16850.75,-1.0,243.6797508419747,42469852.79828504,42469852.79828504,27.525428902396055,7.469370073503238,88.10000000000001,73.14266410006596
1306893912.98,2.0857975,6.8721184,5749.05,-139.2,1.5,303.6,302214.91,-16774.49,-1.0,247.94860580508504,49922567.971785836,49922567.971785836,27.096098258976735,7.8287254146084715,88.30000000000001,73.21600946314558
1306893913.61,2.0841706,6.8728388,5733.68,-148.8,-4.7,302.0,302081.38,-16702.54,-1.0,252.44093175500706,57670050.26885067,57670050.26885067,27.275334636908177,8.05687499677443,87.69999999999999,73.26469712718757
1306893913.82,2.0836299,6.8730708,5726.67,-151.8,-6.1,301.6,302037.03,-16679.44,-1.0,250.53936382951167,64101250.20599678,64101250.20599678,28.175287123495508,8.16070644341284,86.10000000000001,73.30216978685512
1306893914.46,2.0819466,6.873779,5699.3,-159.4,-9.8,300.9,301899.13,-16609.12,-1.0,255.43934764750273,67528952.54670356,67528952.54670356,29.11640840689842,8.058544098105992,87.10000000000001,73.3058060510721
1306893915.09,2.0802694,6.87447,5663.84,-165.3,-13.0,300.4,301761.84,-16540.66,-1.0,259.441646939322,67858856.28162749,67858856.28162749,27.901694056468138,7.8030249165760015,86.0,73.27565185159703
1306893915.3,2.0797145,6.8746965,5650.32,-167.2,-14.1,300.2,301716.44,-16518.25,-1.0,258.89440832906627,66104785.882120885,66104785.882120885,26.091735552899962,7.7930111894898815,88.60000000000001,73.21724962062589
1306893915.94,2.0780288,6.8753808,5603.79,-171.9,-17.2,299.9,301578.5,-16450.58,-1.0,260.05474211447944,61648851.095348924,61648851.095348924,23.530637064724708,7.430752881854809,88.60000000000001,73.1178992269251
1306893916.58,2.0763282,6.8760686,5548.43,-175.8,-20.1,299.9,301439.41,-16382.6,-1.0,265.9303487446159,56959491.19918416,56959491.19918416,22.664104387871244,7.419574142857285,91.00000000000001,72.96741147539404
1306893916.79,2.0757608,6.8762981,5528.05,-176.8,-21.0,299.7,301393.0,-16359.91,-1.0,273.3616662523351,54557748.98122533,54557748.98122533,22.201278304275327,7.546874042670125,92.4,72.79620850076587
1306893917.22,2.0746317,6.8767557,5484.58,-179.0,-23.0,299.7,301300.63,-16314.68,-1.0,268.54177268187857,54634090.92793821,54634090.92793821,20.26379504786912,7.485426022303822,93.60000000000001,72.5906638813433
1306893917.65,2.0734924,6.8772192,5436.72,179.3,-24.8,299.7,301207.41,-16268.82,-1.0,274.7890941043657,54968222.11303864,54968222.11303864,21.790422245437885,7.30155609045042,90.1,72.35156611231444
1306893917.86,2.0729476,6.8774418,5412.37,178.4,-25.8,299.7,301162.81,-16246.79,-1.0,272.4746355253453,58443388.54663173,58443388.54663173,21.885837399419863,7.048476177888594,88.7,72.10559389009222
1306893918.5,2.0712806,6.8781276,5331.86,176.3,-28.4,299.8,301026.41,-16178.86,-1.0,277.9532778617104,60521897.40476913,60521897.40476913,21.621668961355372,7.09780058507075,91.0,71.80335526367053
1306893918.93,2.0701846,6.8785832,5273.8,175.0,-30.0,299.8,300936.66,-16133.66,-1.0,278.5058701747705,60154407.2802907,60154407.2802907,21.041076115494185,7.171948643814813,89.19999999999999,71.47762254276061
1306893919.56,2.0685663,6.8792647,5180.24,173.5,-32.4,300.0,300804.09,-16065.96,-1.0,287.5968178087506,58661084.88930696,58661084.88930696,22.44732113004944,7.413889658154371,89.50000000000001,71.10741256900732
1306893919.77,2.0680537,6.879483,5148.58,173.0,-33.1,300.0,300762.09,-16044.24,-1.0,279.4914989836941,59052516.55200952,59052516.55200952,21.76596614560213,7.231635099258484,88.20000000000002,70.72331589359176
1306893920.19,2.066993,6.8799389,5079.83,172.2,-34.6,300.0,300675.16,-15998.84,-1.0,293.60128969704124,57283934.528342575,57283934.528342575,23.24590545133801,7.3861815898830185,89.60000000000001,70.32220915693385
1306893920.4,2.0664727,6.8801648,5044.46,171.8,-35.4,300.2,300632.5,-15976.32,-1.0,293.2556922166751,59571617.51241537,59571617.51241537,22.31165263302114,7.609664851288722,88.2,69.93640535115958
1306893921.03,2.0649424,6.8808382,4933.86,170.7,-37.5,300.4,300506.94,-15909.07,-1.0,294.61551170107754,64917722.310128674,64917722.310128674,21.15048439991226,7.43580868611792,86.5,69.48153549114207
1306893921.24,2.0644482,6.8810588,4895.96,169.2,-38.2,300.5,300466.38,-15887.01,-1.0,292.78892674786647,68782741.02493213,68782741.02493213,21.682999219802106,7.419004889458235,87.6,69.0309296293748
1306893921.66,2.0634591,6.8815055,4816.77,168.7,-39.5,300.5,300385.16,-15842.27,-1.0,298.6337822905545,74481718.83472174,74481718.83472174,20.736563202719758,7.561341637719982,87.3,68.55633973436167
1306893921.88,2.062941,6.8817423,4773.45,168.5,-40.2,300.7,300342.59,-15818.52,-1.0,304.68074587934495,80209933.6640358,80209933.6640358,22.695570618427826,7.801206059939949,89.1,68.06722774835991
1306893922.54,2.061422,6.8824486,4638.8,168.0,-42.1,301.0,300217.72,-15747.56,-1.0,306.5004461895286,86419698.72926399,86419698.72926399,24.27165889482113,7.89451713431619,87.00000000000001,67.53667000557778
1306893922.76,2.0609234,6.8826844,4592.03,167.8,-42.8,301.1,300176.72,-15723.83,-1.0,310.74377695466916,92545128.85027793,92545128.85027793,23.998625498071164,7.644537408661172,86.9,67.0147550886924
1306893923.19,2.0599547,6.8831483,4497.39,167.6,-43.9,301.3,300097.0,-15677.07,-1.0,315.7364886002523,102399432.35599343,102399432.35599343,24.058115309686197,7.354596741110961,86.4,66.49201340015345
1306893923.4,2.0594798,6.8833786,4449.12,167.4,-44.5,301.4,300057.88,-15653.83,-1.0,323.9262527224792,111145234.46105793,111145234.46105793,25.260162408482206,7.430081112564638,86.50000000000001,65.95655626979475
1306893924.05,2.0580828,6.8840669,4299.78,167.1,-46.2,301.6,299942.78,-15584.27,-1.0,317.1926353719109,123481699.10613765,123481699.10613765,25.953410221888923,7.265892872341089,85.9,65.35940513243692
1306893924.26,2.0576274,6.8842946,4248.68,167.0,-46.7,301.7,299905.22,-15561.21,-1.0,329.25120831446634,132416804.67689997,132416804.67689997,28.181905898199247,7.167688860976555,86.10000000000001,64.7502122190511
1306893924.69,2.0567127,6.8847573,4142.36,166.8,-47.8,301.9,299829.78,-15514.33,-1.0,330.04524240093576,146308026.14611816,146308026.14611816,29.66603801752452,7.143134649769193,88.0,64.14429577110708
1306893924.91,2.0562659,6.8849857,4088.61,166.7,-48.3,302.0,299792.91,-15491.16,-1.0,322.27093753937487,156971193.58880603,156971193.58880603,29.369740409869614,7.107814990289964,86.8,63.526245683618015
1306893925.33,2.0553882,6.8854388,3979.54,166.6,-49.3,302.2,299720.47,-15445.16,-1.0,338.1647871139325,158808600.22213703,158808600.22213703,28.180536496518858,7.11611002480414,87.1,62.88532158038092
1306893925.54,2.0549674,6.8856581,3925.58,166.5,-49.8,302.3,299685.69,-15422.86,-1.0,331.32469482286723,164871149.96681583,164871149.96681583,27.06981491445533,7.128713258326927,83.7,62.2362522452978
1306893925.97,2.0540999,6.8861142,3810.94,166.5,-50.8,302.5,299614.03,-15376.47,-1.0,340.0220290811568,160893534.95340967,160893534.95340967,27.018883063960264,6.899981417474594,87.3,61.6025011516845
1306893927.25,2.0515758,6.8874708,3450.71,166.5,-53.4,303.0,299405.31,-15238.22,-1.0,350.16002628882694,154734936.91061893,154734936.91061893,28.44219721342386,7.0528117328583075,89.1,60.728787240923346
1306893927.47,2.0511544,6.8877013,3386.61,166.0,-53.9,303.1,299370.41,-15214.68,-1.0,355.8620871708446,154673993.96525145,154673993.96525145,28.602063069244185,7.15442122031259,90.1,59.87845259525405
1306893927.68,2.0507567,6.8879199,3325.06,166.0,-54.3,303.2,299337.5,-15192.35,-1.0,356.2015177207136,166418751.11087477,166418751.11087477,27.739043077750473,7.259607492619114,91.3,59.01795172036342
1306893928.1,2.0499573,6.8883624,3198.18,164.8,-55.1,303.4,299271.31,-15147.14,-1.0,364.4925540978948,177226045.9134108,177226045.9134108,27.04765909929247,7.602976591834977,91.4,58.174644633749246
1306893928.31,2.0495502,6.8885893,3131.92,164.8,-55.5,303.5,299237.59,-15123.94,-1.0,377.9409406270746,201398762.5622363,201398762.5622363,26.01754066195323,7.730266431658183,91.89999999999999,57.319732122813114
1306893928.94,2.0483944,6.8892397,2937.5,164.9,-56.6,303.8,299141.81,-15057.38,-1.0,366.898789801801,235058166.15092716,235058166.15092716,23.797968876403964,7.62116357651155,90.10000000000001,56.397376479768496
1306893929.15,2.0480049,6.889461,2869.85,164.9,-57.0,303.9,299109.53,-15034.72,-1.0,379.809344276693,254704162.43874213,254704162.43874213,23.092585014073084,7.761607879915005,91.20000000000002,55.46437997933104
1306893929.36,2.0476343,6.8896725,2804.45,164.9,-57.4,304.0,299078.78,-15013.05,-1.0,366.1833113094654,283471484.2285079,283471484.2285079,23.78456392072969,7.5338171955561535,93.60000000000001,54.56481414381049
1306893930.21,2.0461139,6.8905502,2525.35,164.9,-58.8,304.4,298952.66,-14923.03,-1.0,382.34315588280157,294284493.1128685,294284493.1128685,22.687260760961006,7.52239480012272,95.9,53.492897039698505
1306893930.64,2.0453614,6.8909907,2380.54,164.9,-59.5,304.4,298890.19,-14877.79,-1.0,388.21407826103814,295912003.2798552,295912003.2798552,21.346846001540662,7.824532017465065,95.50000000000001,52.39788391633892
1306893930.86,2.0449695,6.8912216,2303.49,161.8,-60.1,304.6,298857.63,-14854.08,-1.0,401.7650295051231,294086695.0066275,294086695.0066275,18.850861740238166,7.9663108230342425,94.3,51.51965338265563
1306893931.08,2.0445906,6.8914442,2228.78,152.3,-60.3,304.4,298826.16,-14831.2,-1.0,389.4548824444229,304318983.0248883,304318983.0248883,18.960135478124563,7.998587385888105,94.7,50.63330058300559
1306893931.5,2.0438558,6.8918697,2085.05,126.5,-60.3,303.8,298765.22,-14787.55,-1.0,392.45763694705124,304466355.2802878,304466355.2802878,18.451627824178697,7.84587539409757,93.3,49.68403658475536
1306893931.71,2.043478,6.8920847,2011.6,115.8,-59.8,303.8,298733.88,-14765.53,-1.0,390.44380842448396,316033431.48048735,316033431.48048735,19.29183638513788,7.836118647587212,91.8,48.77567481747627
1306893931.92,2.0431123,6.8922953,1939.56,108.4,-59.6,304.4,298703.56,-14743.93,-1.0,382.140057290112,339103945.8674264,339103945.8674264,18.788595206958803,7.556668804511456,89.8,47.862888290792114
1306893932.55,2.0420613,6.8929677,1718.46,96.2,-58.6,310.3,298615.91,-14674.41,-1.0,389.24852179387136,333797207.40015715,333797207.40015715,19.35389272513628,7.764012407188107,88.6,46.9296774421482
1306893932.76,2.0417489,6.893216,1644.02,95.0,-58.4,314.4,298589.53,-14648.36,-1.0,391.7436140836838,338395540.0794351,338395540.0794351,19.620175488901538,7.688548343607507,88.9,45.99126864949728
1306893932.97,2.0414672,6.893479,1569.91,94.6,-58.6,318.7,298565.47,-14620.53,-1.0,389.5988223913885,343763876.74772096,343763876.74772096,19.63737286936828,7.745560500849192,87.40000000000002,45.046192096566394
1306893933.61,2.0407927,6.894398,1338.44,83.1,-58.6,333.5,298505.84,-14521.76,-1.0,399.4834285718955,342004843.45501405,342004843.45501405,22.323051791235596,7.5926118512130545,86.9,44.13757770461539
1306893933.83,2.0406278,6.8947515,1258.09,72.1,-58.6,339.0,298490.38,-14483.3,-1.0,406.1241129693331,348276876.39878327,348276876.39878327,22.705995464051213,7.46912377333303,85.2,43.27830933191198
1306893934.25,2.0403986,6.8954551,1111.42,50.5,-56.8,347.0,298467.41,-14406.26,-1.0,393.16770685151903,378812949.69693595,378812949.69693595,22.29240486226259,7.183147352125127,86.4,42.36574480872737
1306893934.46,2.04031,6.8958442,1037.9,38.9,-55.3,350.3,298457.72,-14363.48,-1.0,402.30023296376504,384706433.9802981,384706433.9802981,21.233795709573798,7.33765732071926,86.60000000000001,41.45409126542029
1306893935.11,2.0400995,6.8971927,819.36,17.9,-49.6,356.0,298431.78,-14214.71,-1.0,402.7518164639867,389130675.1987298,389130675.1987298,22.26906077394589,7.570182868578004,87.2,40.485168474519156
1306893935.32,2.0400454,6.8976635,754.05,15.0,-47.4,357.2,298424.25,-14162.68,-1.0,392.7263202904054,390600427.6596518,390600427.6596518,20.602609458713804,7.273357671961935,89.0,39.52247709219195
1306893935.76,2.0399498,6.8987129,624.29,10.0,-42.9,358.8,298409.44,-14046.57,-1.0,390.2222021432555,347958496.88887227,347958496.88887227,20.94138037020023,7.5808132769413445,90.1,38.515599358158696
1306893935.97,2.0399121,6.8992511,565.03,7.9,-40.8,359.3,298402.75,-13986.97,-1.0,394.13105785428604,295152530.09320146,295152530.09320146,21.03172990887491,7.423377126361355,93.89999999999999,37.632614887467525
1306893936.39,2.0398519,6.9003489,457.32,4.8,-36.3,0.0,298390.41,-13865.32,-1.0,384.265483663333,236468331.60643226,236468331.60643226,22.523309764122914,7.3791574695422915,91.9,36.72416125667138
1306893936.6,2.0398278,6.9009098,408.37,4.0,-33.9,0.3,298384.63,-13803.12,-1.0,374.03200372957406,159030188.8263477,159030188.8263477,23.743255906526578,7.587150574220928,93.10000000000001,35.83496834328556
1306893937.23,2.0397737,6.9026817,277.21,2.4,-27.2,0.8,298368.09,-13606.55,-1.0,371.9126143895252,86417560.90513478,86417560.90513478,23.427131583775104,7.717578126108542,94.70000000000002,35.02256567486911
1306893937.44,2.0397617,6.9032618,241.35,1.9,-24.6,0.9,298363.16,-13542.17,-1.0,347.407380851781,35170098.995921,35170098.995921,23.611503354187043,7.661610503411455,96.10000000000002,34.24422140540279
1306893937.65,2.0397514,6.9038761,206.82,1.5,-22.3,1.0,298358.06,-13473.99,-1.0,360.35160782455586,47041593.73606369,47041593.73606369,23.69876759852362,7.967012754688781,95.70000000000002,33.551723592629386
1306893938.07,2.0397368,6.9051085,147.87,1.1,-17.3,1.0,298348.41,-13337.15,-1.0,350.987406271825,99940242.33507362,99940242.33507362,23.214569908267194,7.69879147719176,95.00000000000001,32.870379541885725
1306893938.91,2.0397286,6.9075608,68.98,0.5,-7.1,1.0,298330.78,-13064.77,-1.0,333.52805410753155,143661281.8411871,143661281.8411871,24.332196466855994,7.712945470749807,96.6,32.29594165912107
1306893939.12,2.0397302,6.9081706,57.05,0.4,-4.3,1.0,298326.72,-12997.03,-1.0,323.28060338696673,183814580.89841238,183814580.89841238,26.202720744583424,7.731431334114658,96.3,31.76236773086211
1306893939.33,2.0397332,6.9087941,47.96,0.3,-1.8,1.0,298322.63,-12927.75,-1.0,328.4445768550401,210721511.0564083,210721511.0564083,25.235670833149282,7.395682991837331,97.29999999999998,31.321170224300428
1306893939.54,2.0397371,6.9093924,42.28,0.3,1.1,1.0,298318.81,-12861.26,-1.0,313.41372283417405,221149257.6082458,221149257.6082458,24.511450167003964,7.533938197674832,95.9,30.920989778106197
1306893939.75,2.0397415,6.9099738,39.6,0.3,3.8,1.4,298315.13,-12796.66,-1.0,303.4903815031298,251648099.6774475,251648099.6774475,24.047022291695264,7.634490502385781,97.10000000000002,30.601212875219062
1306893940.17,2.0397508,6.9111522,43.08,1.7,9.4,1.4,298307.72,-12665.71,-1.0,307.5008543677817,281145610.5823751,281145610.5823751,24.604554391220933,7.478032166499493,97.90000000000002,30.32157267399421
1306893940.6,2.0397617,6.9123226,58.85,3.2,14.4,1.7,298300.47,-12535.64,-1.0,300.31204167368605,298980702.0618801,298980702.0618801,24.226881940055833,7.6004422246439525,96.80000000000001,30.154411694116696
1306893941.03,2.0397752,6.9134844,84.45,4.0,14.1,1.9,298293.5,-12406.51,-1.0,301.77930118271416,325969368.66784275,325969368.66784275,24.106915269559792,7.437976746722688,95.0,30.034300145560263
1306893941.24,2.0397814,6.914015,97.48,4.3,13.9,2.0,298290.31,-12347.54,-1.0,283.20973864712784,330249754.4054534,330249754.4054534,24.168307772906072,7.457934409027853,94.8,29.95059717093209
1306893941.45,2.039788,6.9145783,111.62,4.6,13.9,2.0,298286.94,-12284.93,-1.0,301.3036961032003,328472123.0796241,328472123.0796241,24.521897691383206,7.618823419129668,95.4,29.92284673348677
1306893941.87,2.0398004,6.915662,139.18,5.2,13.9,2.0,298280.44,-12164.49,-1.0,289.81500681891896,308127024.06888914,308127024.06888914,24.634954114749565,7.434063417314254,93.80000000000001,29.976586890967084
1306893942.08,2.0398068,6.9162206,153.48,5.4,13.9,2.0,298277.06,-12102.4,-1.0,299.0683133232003,291315574.76539445,291315574.76539445,22.84366782066404,7.683135090741518,94.00000000000001,30.050406882218184
1306893942.71,2.0398268,6.9178859,196.27,6.0,13.9,2.3,298267.13,-11917.31,-1.0,297.1912522051366,259117638.37630358,259117638.37630358,24.841649418140555,7.761109107826151,91.60000000000001,30.163942534011706
1306893942.92,2.039834,6.9184343,210.41,6.1,13.9,2.3,298263.91,-11856.35,-1.0,293.6260242983082,226382283.15214667,226382283.15214667,25.247801821977063,7.744337266431814,89.4,30.29265097670637
1306893943.13,2.0398417,6.9190057,225.17,6.3,14.0,2.4,298260.56,-11792.84,-1.0,306.13760753290563,205166978.5715553,205166978.5715553,26.825488933112744,7.791507611469363,90.7,30.434710250547145
1306893943.34,2.0398496,6.9195522,239.3,6.4,14.0,2.4,298257.41,-11732.09,-1.0,292.62806010172255,185283843.94000927,185283843.94000927,24.678348557666535,7.681999241498933,88.70000000000002,30.584922411527025
1306893943.55,2.039858,6.9201138,253.85,6.5,14.0,2.5,298254.19,-11669.67,-1.0,300.8336438449774,183233307.18566933,183233307.18566933,23.73348985735665,7.598527704388454,88.5,30.734200626750116
1306893943.76,2.039867,6.9206745,268.4,6.6,14.0,2.5,298251.0,-11607.33,-1.0,300.4569599733925,183188744.65847582,183188744.65847582,24.433391412929474,7.754811571888795,90.2,30.875019743110578
1306893944.19,2.0398875,6.9218583,299.2,6.8,14.1,2.5,298244.44,-11475.73,-1.0,309.9326033479736,194358214.93623498,194358214.93623498,24.820605540525634,7.459641869354355,88.00000000000001,31.029442315289053
1306893944.4,2.0398976,6.9224003,313.33,6.8,14.1,2.5,298241.5,-11415.47,-1.0,290.3162567914962,196314067.50883955,196314067.50883955,27.00913248790139,7.538732357276005,85.60000000000001,31.183857232174443
1306893944.83,2.0399217,6.9235823,344.23,6.9,14.1,2.5,298235.22,-11284.05,-1.0,309.5522961971812,215219273.5860175,215219273.5860175,24.64148204905921,7.653272008414045,84.9,31.34082901695134
1306893945.47,2.039962,6.9253313,390.14,6.9,14.1,2.9,298226.31,-11089.57,-1.0,307.7919507417875,217182943.15646642,217182943.15646642,24.383700370474546,7.558253966762947,85.30000000000001,31.52199918318056
1306893946.33,2.040027,6.9277211,453.22,6.7,14.1,3.1,298214.91,-10823.76,-1.0,313.20250535776114,226520633.2321537,226520633.2321537,23.759926854213628,7.57243000828889,87.60000000000001,31.718701939086074
1306893946.96,2.0400833,6.9295046,500.57,6.5,14.1,3.1,298207.0,-10625.36,-1.0,314.0835917145937,240434836.1077784,240434836.1077784,23.50722972295696,7.472256873947557,90.5,31.940827923338045
1306893947.4,2.0401259,6.9307244,533.07,6.3,14.1,3.1,298201.91,-10489.65,-1.0,307.4498530256893,233570247.3693588,233570247.3693588,21.350185696772815,7.356998763676323,89.59999999999998,32.176534397528776
1306893948.04,2.040197,6.9325631,582.27,6.0,14.1,3.1,298194.81,-10285.05,-1.0,319.084939976887,232028315.2910481,232028315.2910481,21.595366673441756,7.566280742519116,88.89999999999999,32.43908798458039
1306893948.26,2.0402227,6.9331743,598.67,5.9,14.1,3.5,298192.59,-10217.03,-1.0,308.3084883336418,228116003.58347604,228116003.58347604,22.920241200092406,7.6897723832683385,87.8,32.70305780085336
1306893948.69,2.0402786,6.9344296,632.44,5.7,14.4,3.6,298188.31,-10077.3,-1.0,324.5710438146368,231932310.08600405,231932310.08600405,21.203034618295867,7.592524571327134,86.2,32.981741090442156
1306893949.11,2.0403359,6.9356187,664.53,5.5,14.4,3.6,298184.63,-9944.93,-1.0,314.5409890757322,228922484.81655467,228922484.81655467,22.383488543044194,7.583071060229994,86.4,33.26141191283936
1306893949.34,2.0403698,6.9362801,682.42,5.3,14.4,3.7,298182.72,-9871.29,-1.0,319.72554046142,242283543.15120122,242283543.15120122,21.782553763661003,7.60741014938513,86.5,33.54396112543779
1306893949.97,2.0404724,6.9381247,732.48,4.9,14.5,3.7,298178.03,-9665.87,-1.0,325.8352146522323,245260969.9523714,245260969.9523714,22.084021160048465,7.529704572979647,88.79999999999998,33.841177879593516
1306893950.18,2.0405083,6.9387187,748.64,4.7,14.5,3.7,298176.78,-9599.71,-1.0,314.5277247681277,242724848.3902844,242724848.3902844,23.04921627379829,7.541669701459567,89.10000000000001,34.115620136811366
1306893950.6,2.0405883,6.9399624,782.57,4.4,14.5,3.9,298174.47,-9461.15,-1.0,329.86854363960003,246253678.85717028,246253678.85717028,22.488966382610187,7.567687590619901,89.4,34.36774721467663
1306893950.82,2.0406321,6.9406006,800.02,4.3,14.5,3.9,298173.5,-9390.04,-1.0,323.0313209548181,244752447.6364822,244752447.6364822,24.66131107704925,7.598251725535537,86.30000000000001,34.596984966207685
1306893951.03,2.0406754,6.9412047,816.56,4.2,14.5,3.9,298172.75,-9322.73,-1.0,320.2737335573188,250691456.11989546,250691456.11989546,25.545023961359693,7.688813693320659,87.4,34.81400486996972
1306893951.24,2.040723,6.9418421,834.04,4.0,14.5,4.0,298172.09,-9251.69,-1.0,338.5915987445041,260713947.52531913,260713947.52531913,27.17138240812708,7.568835112021846,87.9,35.00674218405546
1306893951.45,2.0407697,6.9424393,850.44,3.9,14.6,4.0,298171.63,-9185.12,-1.0,316.69859184426747,256322054.7385453,256322054.7385453,26.524900803979975,7.3523020788340965,89.7,35.1994794981412
1306893951.66,2.0408206,6.9430639,867.62,3.7,14.6,4.0,298171.31,-9115.48,-1.0,331.78594959692697,260254909.12624425,260254909.12624425,26.981435375016225,7.548760153469783,91.2,35.37951668099334
1306893952.08,2.0409275,6.9442953,901.57,3.3,14.6,4.1,298171.25,-8978.16,-1.0,327.0358757872805,255741609.5345946,255741609.5345946,27.313232487157425,7.72416781173627,94.00000000000001,35.56097774835992
1306893952.3,2.040988,6.9449494,919.65,3.1,14.6,4.1,298171.5,-8905.2,-1.0,331.92421462995037,242005484.08365282,242005484.08365282,27.017036164841123,7.803061073714222,94.9,35.74258426629518
1306893952.72,2.041112,6.9462068,954.47,2.8,14.6,4.1,298172.56,-8764.91,-1.0,334.4396970364646,236146700.40267414,236146700.40267414,28.535180137320957,7.852937192437268,92.60000000000001,35.91252411756377
1306893952.94,2.0411789,6.9468456,972.21,2.6,14.6,4.1,298173.41,-8693.62,-1.0,324.24174762925145,235707467.22501665,235707467.22501665,28.344072466865196,7.757577207915242,92.60000000000001,36.08367350514032
1306893953.37,2.0413247,6.9481556,1008.66,2.1,14.6,4.1,298175.84,-8547.38,-1.0,340.853462977253,232466736.395006,232466736.395006,27.663540547942365,7.7217405022342165,89.5,36.25675202657515
1306893954.0,2.0415527,6.9500217,1060.79,1.5,14.6,4.1,298180.91,-8338.96,-1.0,331.45563671610836,239041065.61087197,239041065.61087197,27.861516050965033,7.832996933236625,92.8,36.45637910444041
1306893954.21,2.0416356,6.9506561,1078.56,1.3,14.6,4.1,298183.06,-8268.08,-1.0,338.489426696423,251614348.78687286,251614348.78687286,28.51066811531987,8.004737745886382,89.0,36.65694778335555
1306893954.42,2.0417193,6.9512762,1095.96,1.1,14.6,4.1,298185.38,-8198.79,-1.0,330.7604805361924,248322993.8538508,248322993.8538508,27.31541043170441,8.095798477248191,90.3,36.857455219925974
1306893955.05,2.0419919,6.953179,1149.5,0.4,14.6,4.1,298193.69,-7986.06,-1.0,338.85499095765886,261165290.45445013,261165290.45445013,27.552091568464256,8.24809940931047,88.2,37.08639441502658
1306893955.26,2.0420852,6.9537955,1166.9,0.2,14.9,4.1,298196.78,-7917.13,-1.0,329.28953990123125,258151599.09468794,258151599.09468794,26.825241044535694,8.181583525007657,87.00000000000001,37.31550202657514
1306893956.53,2.0427145,6.9576322,1275.71,-1.3,15.0,4.1,298219.84,-7487.81,-1.0,339.68306888150363,267909564.88176844,267909564.88176844,26.386129496766277,8.197823181034872,87.40000000000002,37.60191716218319
1306893956.74,2.0428242,6.9582585,1293.55,-1.6,15.0,4.1,298224.16,-7417.71,-1.0,335.5762112432405,275607201.9276208,275607201.9276208,26.623267560832566,8.050723819661702,86.10000000000002,37.88814857075712
1306893956.95,2.0429417,6.9589185,1312.38,-1.8,15.0,4.1,298228.88,-7343.81,-1.0,354.36491306440945,285296443.062925,285296443.062925,26.4110010623566,7.916526217949864,85.40000000000002,38.16213916568275
1306893957.37,2.0431691,6.9601703,1348.17,-2.3,15.0,4.1,298238.13,-7203.63,-1.0,335.70578565166244,282849177.72083026,282849177.72083026,25.470490470218188,7.776646401585549,84.7,38.449947564632886
1306893958.0,2.0435282,6.9620926,1403.3,-3.2,15.1,4.1,298253.13,-6988.32,-1.0,344.14080809881494,276333524.9916871,276333524.9916871,26.339040552445795,7.697356468351405,84.70000000000002,38.75205605107208
1306893958.21,2.0436496,6.9627313,1421.66,-3.4,15.1,4.1,298258.28,-6916.78,-1.0,343.12350216209,264023330.53752673,264023330.53752673,26.06929458164005,7.56030798945775,82.60000000000001,39.02831261275187
1306893958.42,2.0437732,6.9633765,1440.23,-3.7,15.1,4.1,298263.56,-6844.5,-1.0,346.82468022211464,245248974.8489107,245248974.8489107,26.468562872433196,7.209454096185614,86.10000000000002,39.30518159787872
1306893958.63,2.0438922,6.9639947,1458.05,-4.0,15.1,4.1,298268.66,-6775.23,-1.0,332.0350235457027,241813735.1954015,241813735.1954015,27.481659394723053,6.99257243835229,87.60000000000001,39.5823721053153
1306893958.84,2.0440179,6.9646439,1476.78,-4.3,15.1,4.0,298274.06,-6702.5,-1.0,349.1316746945095,255498835.57841158,255498835.57841158,25.990398855804553,6.995242695600182,88.30000000000001,39.83291453751127
1306893960.15,2.0448002,6.9686519,1592.88,-6.2,15.1,3.8,298308.0,-6253.41,-1.0,345.61728300998993,256623194.28535333,256623194.28535333,27.23580667360488,6.938115488721928,87.80000000000003,40.1590147124894
1306893960.36,2.0449252,6.9692919,1611.49,-6.5,15.1,3.8,298313.41,-6181.71,-1.0,344.2669930533906,257968843.4521992,257968843.4521992,26.739375826070223,6.962447862200088,85.60000000000001,40.41606414381049
1306893961.0,2.0453069,6.971257,1668.76,-7.5,15.3,3.8,298329.91,-5961.53,-1.0,346.9960892762654,265360356.69786015,265360356.69786015,26.701304872709912,7.053245740200992,85.9,40.703298395778994
1306893961.21,2.0454324,6.9719077,1687.77,-7.8,15.3,3.6,298335.28,-5888.63,-1.0,350.2411801367681,248066350.48673445,248066350.48673445,25.134198235161353,7.077879548472185,87.69999999999999,40.990670443023085
1306893961.64,2.0456818,6.9732102,1725.87,-8.5,15.3,3.5,298345.91,-5742.71,-1.0,342.1731215736786,238944353.56822538,238944353.56822538,25.13541774467007,7.126449657072449,87.50000000000001,41.27981086297059
1306893961.85,2.0458067,6.9738682,1745.14,-8.8,15.3,3.5,298351.22,-5669.0,-1.0,354.2501264043959,244515077.15718037,244515077.15718037,25.709269800161636,7.402411116008786,88.4,41.54149940190322
1306893962.06,2.0459303,6.9745234,1764.35,-8.8,15.3,3.4,298356.41,-5595.61,-1.0,352.6625234184446,239321843.69745097,239321843.69745097,23.83835814612728,7.302388731365504,87.9,41.80383864074837
1306893962.28,2.0460543,6.975185,1783.77,-8.6,15.4,3.3,298361.59,-5521.5,-1.0,339.5990436828069,232962504.85057727,232962504.85057727,22.72796741178174,7.693235412865545,86.10000000000001,42.06682857950602
1306893962.5,2.0461781,6.97585,1803.31,-9.0,15.4,3.3,298366.75,-5447.02,-1.0,341.3518990180839,251086385.15019408,251086385.15019408,21.74624380303209,7.870695013566769,85.4,42.331135228674874
1306893962.71,2.0463016,6.9765184,1822.97,-9.4,15.4,3.2,298371.84,-5372.16,-1.0,359.9179825221996,252005215.7454701,252005215.7454701,22.98370636586151,7.936542491821688,86.7,42.596153820100945
1306893963.15,2.0465498,6.9778777,1863.01,-10.2,15.4,3.1,298382.0,-5219.94,-1.0,349.0211694801028,244994418.28447124,244994418.28447124,21.47734217638916,7.9897423381428565,89.40000000000002,42.80294625229692
1306893963.36,2.0466632,6.9785069,1881.57,-10.6,15.4,3.0,298386.59,-5149.48,-1.0,338.20600362759444,251898431.63207123,251898431.63207123,23.16895942725612,7.855801455799712,91.2,43.009700408027456
1306893964.21,2.0471257,6.9811346,1959.27,-12.1,15.4,3.0,298404.81,-4855.3,-1.0,349.13910588707455,254312485.32638043,254312485.32638043,23.063704652603477,7.786952867250818,94.0,43.23209432753752
1306893964.63,2.0473486,6.9824424,1998.05,-12.9,15.4,2.6,298413.34,-4708.92,-1.0,351.6396305374477,244004476.9262284,244004476.9262284,24.908584232770792,7.662556167603512,94.7,43.46962276148328
1306893964.84,2.0474549,6.9830766,2016.88,-13.3,15.4,2.5,298417.31,-4637.95,-1.0,375.02786800267995,253510151.75633547,253510151.75633547,27.3129174639557,7.743318490086528,95.7,43.69239944564776
1306893965.07,2.0475731,6.9837915,2038.12,-13.8,15.6,2.4,298421.69,-4557.96,-1.0,385.2046783154304,277768860.72383493,277768860.72383493,27.602252169641805,7.671070957433537,98.1,43.91668422255064
1306893965.28,2.0476797,6.9844447,2057.56,-14.2,15.6,2.4,298425.53,-4484.87,-1.0,385.4722578013691,286543863.41677207,286543863.41677207,27.92786033776626,7.986693318431173,97.99999999999999,44.14114507119456
1306893965.49,2.0477865,6.9851074,2077.29,-14.6,15.6,2.3,298429.38,-4410.72,-1.0,390.698504450088,303902761.80520374,303902761.80520374,28.12499055663384,7.926808712958983,99.69999999999999,44.365843233924224
1306893965.93,2.0480002,6.9864646,2117.75,-15.4,15.6,2.1,298436.81,-4258.9,-1.0,382.3388305662383,322601819.7309455,322601819.7309455,29.52021600865301,7.848012969435056,97.19999999999999,44.60655626979474
1306893967.19,2.0485777,6.9903765,2234.81,-17.9,15.6,1.5,298455.19,-3821.5,-1.0,384.48770403944366,320705921.75343794,320705921.75343794,29.340051013213966,7.761064716865434,94.99999999999999,44.92183186034592
1306893967.61,2.0487555,6.9916746,2273.79,-18.8,15.6,1.2,298460.19,-3676.42,-1.0,382.68855295566016,318014659.18684953,318014659.18684953,31.613930768272585,7.914215266933406,94.39999999999999,45.236295989829735
1306893967.82,2.0488421,6.9923269,2293.41,-19.2,15.6,1.1,298462.5,-3603.53,-1.0,384.41979026412815,328463760.9998771,328463760.9998771,31.295183678736308,8.11121440448527,92.7,45.551571580380916
1306893968.46,2.0490955,6.9943283,2353.69,-20.5,15.6,0.7,298468.56,-3379.96,-1.0,386.7157506599559,334315529.95322466,334315529.95322466,31.081867107719724,8.105755271280165,92.9,45.85351165037216
1306893968.88,2.049249,6.9956217,2392.73,-21.4,15.6,0.5,298471.69,-3235.52,-1.0,381.09656463830436,334561051.1562707,334561051.1562707,30.823046576309782,8.383141663559412,91.30000000000001,46.155650757983715
1306893969.94,2.0496,6.9989064,2492.2,-23.7,15.6,359.7,298476.56,-2868.9,-1.0,383.14803136146577,343047443.3418511,343047443.3418511,28.238051781090704,8.361284801214996,91.9,46.51952214905983
1306893970.79,2.0498402,7.00157,2573.18,-25.5,16.0,359.1,298477.03,-2571.83,-1.0,386.9542288076874,341516968.51417166,341516968.51417166,26.94392171089179,8.341034793144392,89.10000000000001,46.92912626104583
1306893971.0,2.0498917,7.0022111,2592.71,-26.0,16.0,358.9,298476.63,-2500.36,-1.0,377.5007351808189,340184420.8117605,340184420.8117605,28.973338902758325,8.161483259461003,89.00000000000001,47.33879927066963
1306893971.43,2.0499904,7.003543,2633.35,-26.9,16.0,358.6,298475.16,-2351.92,-1.0,382.5970241941325,344939060.22416985,344939060.22416985,29.23832674111869,7.868828043940179,86.9,47.7644794981412
1306893972.29,2.0501536,7.0062282,2715.52,-28.9,16.0,357.9,298469.38,-2052.82,-1.0,385.3709164070144,348783979.07406145,348783979.07406145,27.156166376309834,7.8694584927944256,88.9,48.22208995308433
1306893972.5,2.0501857,7.0068784,2735.46,-29.4,16.0,357.7,298467.38,-1980.43,-1.0,382.2799008983313,349822239.5148786,349822239.5148786,26.708750798729522,7.8383735823384155,89.4,48.60535220155327
1306893972.94,2.050243,7.0082469,2777.5,-30.4,16.0,357.3,298462.41,-1828.13,-1.0,383.8381806271027,355647499.8508384,355647499.8508384,26.724439822519628,7.7252851652180805,89.89999999999999,48.99095696970725
1306893973.15,2.0502658,7.0089092,2797.87,-30.9,16.0,357.1,298459.59,-1754.44,-1.0,388.86811900544905,351420923.0669399,351420923.0669399,26.092144535210377,7.46015051411543,90.80000000000001,49.37713588484286
1306893973.36,2.050285,7.009562,2817.98,-31.4,16.2,356.8,298456.59,-1681.83,-1.0,383.6052596806219,336789344.4216262,336789344.4216262,26.081631361528427,7.375244253740977,89.8,49.73256348764251
1306893973.78,2.0503131,7.0108611,2858.05,-32.4,16.2,356.4,298449.78,-1537.38,-1.0,381.80242953035645,333128125.4714904,333128125.4714904,25.572818627614218,7.314412400045088,91.30000000000001,50.08877958563026
1306893974.41,2.0503295,7.0128146,2918.46,-33.8,16.2,355.8,298437.5,-1320.28,-1.0,382.7023968113097,327394620.03061825,327394620.03061825,28.001964854174414,7.296798300742001,89.60000000000001,50.41509410881486
1306893974.62,2.0503278,7.0134633,2938.56,-34.4,16.2,355.5,298432.88,-1248.23,-1.0,381.3165522910645,318554660.4164296,318554660.4164296,27.444059599528078,7.280931137331999,91.10000000000001,50.6948032076775
1306893974.83,2.0503222,7.0141273,2959.16,-34.9,16.3,355.3,298427.81,-1174.5,-1.0,389.75749868456325,324478131.04091567,324478131.04091567,27.014798856867824,7.144975328324851,92.80000000000001,50.9753314229006
1306893975.04,2.0503131,7.0147662,2979.0,-35.4,16.3,355.0,298422.66,-1103.57,-1.0,375.98479029991887,319350039.4496161,319350039.4496161,27.285195637112093,7.497182736867929,91.7,51.239936628499905
1306893975.26,2.050299,7.0154607,3000.59,-35.9,16.3,354.8,298416.72,-1026.49,-1.0,389.22571542832594,320214788.85376,320214788.85376,29.74841278105371,7.62599036061543,92.50000000000001,51.458166068569895
1306893976.1,2.0502054,7.0180617,3081.71,-38.0,16.3,353.8,298391.28,-738.01,-1.0,382.353288088102,311959145.4786017,311959145.4786017,30.87419587789347,7.686401359502138,93.10000000000001,51.7232305917545
1306893976.31,2.050171,7.0187234,3102.41,-38.5,16.3,353.5,298384.0,-664.67,-1.0,388.795619507001,303712651.5220409,303712651.5220409,28.392828154948223,7.5653507313317885,89.9,51.971958719488526
1306893976.53,2.0501324,7.0193786,3122.93,-39.0,16.3,353.2,298376.41,-592.08,-1.0,368.853849379892,292042559.31290525,292042559.31290525,27.533905951928865,7.817121759519759,89.10000000000001,52.22080167661888
1306893976.74,2.0500889,7.0200395,3143.66,-39.6,16.3,352.9,298368.38,-518.88,-1.0,388.49575760370357,297072203.23045075,297072203.23045075,27.495485486673363,7.913200259693596,88.80000000000001,52.47011926192072
1306893977.6,2.0498672,7.0226811,3226.81,-41.8,16.3,351.7,298332.56,-226.52,-1.0,380.0135282467637,283429016.0390287,283429016.0390287,28.265120038377592,7.972313799639289,88.4,52.752415849847225
1306893977.81,2.0497989,7.0233455,3247.8,-42.3,16.3,351.4,298322.59,-153.05,-1.0,390.98909120820156,281128383.33838195,281128383.33838195,27.02329320584497,8.080326499356593,89.2,53.00453527241941
1306893978.03,2.0497261,7.0240032,3268.61,-42.8,16.3,351.1,298312.28,-80.35,-1.0,370.9244832115514,274378679.5561955,274378679.5561955,29.126014866432048,8.131931559845437,90.7,53.257198220800866
1306893978.24,2.0496474,7.0246663,3289.62,-43.4,16.3,350.8,298301.47,-7.08,-1.0,390.5741053543837,265803021.14698642,265803021.14698642,28.423264675673686,8.301990420054526,89.10000000000001,53.51017503619894
1306893979.98,2.048812,7.029958,3458.67,-47.8,16.3,347.9,298198.91,576.66,-1.0,378.00027113439194,253616021.02766487,253616021.02766487,27.969157876101335,8.253238162570884,91.2,53.8773764797685
1306893980.19,2.0486809,7.0306134,3479.79,-48.4,16.3,347.5,298184.03,648.81,-1.0,388.5062612856201,247250004.0413325,247250004.0413325,26.011486129775726,8.118391836575746,89.00000000000001,54.2442181245629
1306893980.4,2.0485518,7.0312283,3499.65,-48.9,16.8,347.1,298169.59,716.48,-1.0,366.3244833118748,242083380.6361611,242083380.6361611,26.059904260930658,7.842212073553783,90.10000000000001,54.56416344389798
1306893981.45,2.0477853,7.0344127,3603.2,-51.6,16.9,345.1,298087.13,1066.46,-1.0,379.7107503390398,242410374.53646633,242410374.53646633,27.589504986809285,7.803468886812424,90.70000000000002,54.94753286647016
1306893981.66,2.0476157,7.0350325,3623.51,-52.2,16.9,344.7,298069.44,1134.48,-1.0,371.5324476977288,257288538.4064211,257288538.4064211,27.452564049473562,7.716297524815101,92.60000000000001,55.33074152788749
1306893981.87,2.0474344,7.0356689,3644.42,-52.7,16.9,344.2,298050.75,1204.27,-1.0,381.253318541068,278261823.2008652,278261823.2008652,27.924390133621973,7.632530775456088,93.10000000000001,55.714087984580395
1306893982.29,2.0470575,7.0369131,3685.47,-52.7,16.9,343.3,298012.44,1340.64,-1.0,374.1195307686647,299016215.5264092,299016215.5264092,26.028889869875755,7.54299561941336,90.4,56.065205657371294
1306893982.93,2.0464308,7.0387909,3747.91,-54.7,16.9,341.9,297950.03,1546.16,-1.0,372.2850832674364,302141644.0022536,302141644.0022536,24.92561291160264,7.423656160200942,90.4,56.448054520013464
1306893983.15,2.0461927,7.0394525,3770.05,-55.3,16.9,341.4,297926.69,1618.48,-1.0,382.3953210239896,306093447.3504884,306093447.3504884,23.04001404353178,7.453132636758264,88.9,56.83192153663639
1306893983.36,2.0459659,7.0400591,3790.43,-55.9,17.1,340.9,297904.63,1684.75,-1.0,368.9921978927408,279799309.6612352,279799309.6612352,23.05430996678779,7.417915192428944,89.40000000000002,57.215306269794745
1306893983.57,2.0457226,7.0406872,3811.61,-56.4,17.1,340.4,297881.09,1753.33,-1.0,382.12598579921524,266173551.78590864,266173551.78590864,22.80675234156234,7.467537669279896,90.5,57.48549218405547
1306893983.78,2.0454828,7.0412841,3831.81,-57.0,17.1,339.9,297858.06,1818.45,-1.0,365.0291047725652,240072581.37113377,240072581.37113377,23.99344715391884,7.378858073334419,89.80000000000001,57.754973811352045
1306893984.44,2.0446584,7.0431913,3896.87,-58.8,17.1,338.2,297779.91,2026.26,-1.0,372.6573327987241,243495058.27048004,243495058.27048004,22.750425487765146,7.486770757838782,88.9,58.05905736340804
1306893984.66,2.0443666,7.0438188,3918.47,-59.4,17.1,337.6,297752.56,2094.54,-1.0,370.33759061397467,249067117.05236018,249067117.05236018,23.72931889180773,7.66616023247277,89.7,58.30040578860489
1306893984.87,2.0440683,7.0444379,3939.89,-59.9,17.3,337.0,297724.78,2161.84,-1.0,383.1512307817469,261556817.83169731,261556817.83169731,24.431442641653057,7.4659386395314655,88.10000000000001,58.54260395133455
1306893985.08,2.043779,7.0450172,3960.02,-60.5,17.3,336.4,297697.97,2224.77,-1.0,361.17854748525565,255785391.9702131,255785391.9702131,23.080429071634118,7.496350021725482,88.60000000000001,58.78420500120331
1306893985.5,2.0431552,7.0462041,4001.58,-61.7,17.4,335.2,297640.63,2353.56,-1.0,371.38027341496473,266408942.82159698,266408942.82159698,23.223256497577076,7.259827679375851,90.40000000000002,59.026196471019595
1306893985.71,2.0428317,7.0467888,4022.22,-62.2,17.4,334.6,297611.09,2416.92,-1.0,368.3262329147007,261705986.84504837,261705986.84504837,25.054446666684356,7.462234472279044,91.4,59.23618881572651
1306893985.93,2.0424826,7.047398,4043.85,-62.8,17.4,333.9,297579.38,2482.87,-1.0,367.926728185276,252665683.68624216,252665683.68624216,25.249988770463,7.448696990500367,92.00000000000001,59.445790740485904
1306893986.14,2.0421262,7.0479979,4065.28,-63.4,17.5,333.2,297547.13,2547.76,-1.0,380.7302425391628,261453738.12577307,261453738.12577307,25.98797551837994,7.482152616489849,90.99999999999999,59.656196471019584
1306893986.35,2.0417832,7.0485557,4085.33,-63.9,17.5,332.5,297516.25,2608.04,-1.0,357.11612582675883,244360385.87737682,244360385.87737682,27.185327836201953,7.141024481129366,89.8,59.86573715343429
1306893986.56,2.0414167,7.0491317,4106.18,-64.5,17.5,331.8,297483.41,2670.22,-1.0,369.84472609855726,244766454.20305642,244766454.20305642,26.495594006895068,7.2502403743214945,93.2,60.07577542989972
1306893986.77,2.0410399,7.0497038,4127.03,-65.0,17.6,331.1,297449.75,2731.92,-1.0,369.50248181573363,235201515.74415246,235201515.74415246,25.42052373975318,7.30269849338125,92.2,60.25196965562151
1306893987.63,2.039378,7.0520085,4212.71,-67.4,17.8,327.9,297302.91,2979.78,-1.0,369.39310801421027,226058741.69061917,226058741.69061917,24.325605285015545,7.164080471514054,93.00000000000001,60.47721899945354
1306893987.84,2.0389616,7.0525365,4232.77,-67.9,17.8,327.1,297266.47,3036.38,-1.0,353.85661355173175,215372998.59959602,215372998.59959602,25.169734109427186,7.125473641238317,94.10000000000001,60.70142722342554
1306893988.05,2.0385154,7.0530826,4253.71,-68.4,17.8,326.3,297227.53,3094.85,-1.0,368.1915927340776,225313582.26476458,225313582.26476458,27.096693090743578,7.069970559604785,94.3,60.9262555261377
1306893988.26,2.038057,7.053623,4274.66,-69.0,17.9,325.4,297187.72,3152.64,-1.0,367.6195510455982,216041977.4307126,216041977.4307126,27.579248603280032,7.225325766158719,94.2,61.13530626979475
1306893989.12,2.0360829,7.0557395,4359.09,-71.3,17.9,321.6,297017.59,3378.06,-1.0,360.9479725643155,218478676.6475596,218478676.6475596,25.552887455929852,6.986000738237905,94.30000000000001,61.39319012806246
1306893989.98,2.0338856,7.0577462,4443.81,-73.6,17.9,317.2,296830.69,3590.19,-1.0,360.099161336159,220708886.27915213,220708886.27915213,26.790378233818807,6.967587087785566,94.7,61.69937123042467
1306893990.19,2.0333113,7.0582176,4464.59,-73.9,18.5,316.1,296782.22,3639.74,-1.0,360.55600473079636,204649254.46177623,204649254.46177623,24.768554376042843,6.79776640441774,98.50000000000001,62.00505473873612
1306893990.4,2.032723,7.0586794,4485.36,-74.3,18.6,314.8,296732.69,3688.14,-1.0,359.83503049539763,205697231.16413084,205697231.16413084,24.033175402845806,6.879833203977794,99.60000000000001,62.311289428149955
1306893990.82,2.0315011,7.0595747,4526.97,-75.6,18.8,312.3,296630.28,3781.61,-1.0,359.5744838576176,206778851.21409225,206778851.21409225,22.919645106540205,7.0013233613728225,96.90000000000002,62.633416506015216
1306893991.46,2.0295548,7.0608347,4589.39,-77.5,19.2,308.1,296468.34,3912.03,-1.0,352.908557916327,208614938.98905626,208614938.98905626,23.4194412063892,7.054407380562386,96.2,62.98736663724881
1306893991.67,2.0288666,7.061234,4610.44,-78.1,19.3,306.6,296411.38,3953.01,-1.0,361.41910609553395,211071058.87124395,211071058.87124395,24.638262812895302,6.938926134177394,97.30000000000001,63.29184060925231
1306893991.88,2.0281691,7.0616146,4631.25,-78.8,19.5,304.9,296353.84,3991.87,-1.0,357.11476523201503,224393743.2826402,224393743.2826402,25.195721323093494,7.258835714430741,94.6,63.59688872823743
1306893992.3,2.0267831,7.0623008,4671.21,-80.2,20.0,301.4,296239.97,4061.3,-1.0,342.4729995550611,226975190.6693202,226975190.6693202,23.045530219421334,7.445522793947696,91.7,63.91649721467663
1306893993.14,2.0237312,7.0634825,4753.22,-83.4,21.6,292.4,295991.53,4177.62,-1.0,349.371740770356,228311308.8456204,228311308.8456204,23.798455762840284,7.3431632102365,93.30000000000001,64.28284892071338
1306893993.35,2.0229481,7.0637099,4773.07,-84.2,21.9,289.8,295928.31,4199.04,-1.0,337.5664043286175,231164210.9016739,231164210.9016739,25.26025821550913,7.522086830157571,91.5,64.59976274398548
1306893993.56,2.0221531,7.0639078,4792.76,-85.3,22.0,286.8,295864.34,4217.13,-1.0,334.8954811472058,232386066.24374297,232386066.24374297,25.336423987925613,7.638879718410934,89.3,64.86689419630393
1306893993.77,2.021352,7.064075,4812.13,-87.7,22.1,284.0,295800.13,4231.79,-1.0,330.4251055734571,231332040.21879873,231332040.21879873,24.794701580200478,7.665116470688614,87.60000000000001,65.13294625229693
1306893994.61,2.0180292,7.0644383,4886.29,-93.6,21.1,272.0,295536.03,4255.88,-1.0,328.057985835889,231302626.3158567,231302626.3158567,23.724915905950258,7.927497199871914,88.10000000000001,65.43986991808872
1306893995.03,2.0163714,7.0644281,4919.14,-96.0,20.2,266.0,295405.56,4246.64,-1.0,317.31868442484165,229880554.4399426,229880554.4399426,23.68463573588322,7.891504169993806,88.5,65.74008754713508
1306893995.25,2.0154973,7.0643718,4935.23,-97.2,19.6,262.8,295337.16,4236.1,-1.0,317.1352348337408,214167068.7286627,214167068.7286627,23.639315105004517,7.949024111772985,89.30000000000001,66.00483820330305
1306893996.11,2.0121963,7.0638517,4987.68,-98.2,14.5,252.3,295080.88,4162.19,-1.0,307.10692449527477,196547984.37269613,196547984.37269613,22.649803247800005,8.125797802349096,87.4,66.2936264797685
1306893996.53,2.0106401,7.0634557,5008.33,-84.5,15.0,247.6,294961.09,4110.59,-1.0,302.42135562649776,174113988.43251875,174113988.43251875,19.709513306995117,8.076647372916124,90.80000000000001,66.58229227154452
1306893996.75,2.0098536,7.0632122,5018.58,-77.5,14.1,244.9,294900.84,4079.7,-1.0,297.76151357084257,142154405.33394024,142154405.33394024,20.93336229815114,8.076397295303488,90.4,66.84821418755502
1306893998.02,2.0054648,7.061479,5079.14,-67.6,10.2,237.8,294567.25,3865.74,-1.0,300.10740084060365,109945585.62422495,109945585.62422495,21.114207118182442,8.342568075373462,88.4,67.09771549989098
1306893998.23,2.0047519,7.0611602,5088.98,-66.0,9.8,237.2,294513.31,3826.83,-1.0,303.4672096434338,88387876.04661377,88387876.04661377,20.760586238438023,8.438459019758959,89.1,67.33955386384548
1306893998.44,2.0040583,7.0608432,5098.48,-65.2,9.5,236.6,294460.91,3788.24,-1.0,296.29581008060427,79801208.16489306,79801208.16489306,18.97025651787987,8.082368825668317,89.80000000000001,67.57359148414295
1306893998.65,2.0033632,7.0605198,5107.89,-64.9,9.3,236.1,294408.41,3748.92,-1.0,298.49567281256395,79930758.63324773,79930758.63324773,20.510050017003003,8.395830394098189,91.4,67.8000044325244
1306893999.5,2.0005166,7.0591392,5145.07,-62.6,8.5,234.3,294193.78,3581.67,-1.0,305.6475701418253,82311456.7339183,82311456.7339183,21.98007823791373,8.3097516166578,89.7,67.99810810706508
1306893999.71,1.9998395,7.0587981,5153.57,-62.1,8.4,234.0,294142.81,3540.48,-1.0,296.8926198629183,81207394.79213494,81207394.79213494,22.78382503278127,8.357982292474823,90.80000000000001,68.17757114293559
1306893999.92,1.9991374,7.0584396,5162.24,-61.9,8.2,233.5,294090.0,3497.23,-1.0,309.7256999783068,72161516.82793304,72161516.82793304,23.390060989630552,8.162936168358799,90.4,68.35135395133454
1306894000.34,1.9977509,7.0577169,5178.91,-61.6,7.9,232.8,293985.81,3410.19,-1.0,307.5500728818303,66276187.379742034,66276187.379742034,23.216349937220222,8.20255919488807,90.10000000000001,68.49774612106333
1306894000.97,1.9957191,7.0566219,5202.3,-61.0,7.4,231.6,293833.38,3278.64,-1.0,303.3207021577376,68304163.04657601,68304163.04657601,24.524467647644045,7.981657334358503,87.50000000000001,68.64623584109832
1306894001.18,1.9950107,7.0562297,5210.18,-60.9,7.3,231.2,293780.28,3231.62,-1.0,321.1255640018395,69122465.2719304,69122465.2719304,23.88353000995929,7.861341621184022,88.20000000000002,68.79291125667139
1306894002.14,1.9919353,7.0544624,5242.73,-60.9,6.7,229.4,293550.28,3020.33,-1.0,308.0786036601305,86335470.35181472,86335470.35181472,24.550208749547647,7.61243611188203,89.80000000000001,68.91814419630393
1306894002.56,1.9905991,7.0536598,5256.08,-60.9,6.5,228.6,293450.56,2924.66,-1.0,311.1449611315572,101844567.72931322,101844567.72931322,23.678005110584166,7.521172840019807,90.60000000000001,69.0460641438105
1306894002.77,1.9899268,7.0532475,5262.64,-60.4,6.4,228.2,293400.47,2875.59,-1.0,315.7601351240349,106801025.17194372,106801025.17194372,25.048795514298046,7.56368498166444,92.30000000000001,69.17173343514908
1306894003.4,1.9879449,7.0519977,5281.3,-60.4,6.0,226.9,293252.97,2727.11,-1.0,313.6854339282074,117465774.06904674,117465774.06904674,24.531064520281795,7.41389574416743,89.4,69.30448387259439
1306894004.03,1.9859953,7.0507151,5298.79,-59.1,5.7,225.6,293108.25,2575.15,-1.0,314.0463849584888,118400161.37597016,118400161.37597016,22.15483110090966,7.483478408001867,90.20000000000002,69.42216103794873
1306894004.24,1.9853465,7.050276,5304.42,-57.9,5.6,225.2,293060.19,2523.22,-1.0,317.56053707126216,105048313.94731502,105048313.94731502,22.047344324322257,7.251580928120081,89.0,69.5376411341867
1306894004.87,1.9834231,7.0489403,5320.61,-53.3,5.2,224.1,292917.88,2365.49,-1.0,317.53811493231757,102983923.83985676,102983923.83985676,22.68302669173818,7.247716628505768,91.7,69.65887801082711
1306894005.08,1.9827911,7.048491,5325.74,-51.7,5.0,223.8,292871.19,2312.51,-1.0,316.32684327708165,96634345.33321106,96634345.33321106,21.80667535813254,7.277943130136202,92.6,69.77128067924356
1306894005.29,1.9821552,7.0480343,5330.81,-50.2,4.9,223.5,292824.25,2258.68,-1.0,320.03770512494555,86919225.24704261,86919225.24704261,20.832762366595258,7.442187431379424,93.70000000000002,69.86965885072212
1306894005.5,1.9815302,7.0475811,5335.69,-48.5,4.7,223.2,292778.13,2205.3,-1.0,315.73852392222585,90993524.262166,90993524.262166,21.591856805471288,7.2106038860984905,96.5,69.96574043427418
1306894005.71,1.9808891,7.0471119,5340.58,-47.0,4.6,222.9,292730.84,2150.06,-1.0,325.9836195988345,87775475.92050308,87775475.92050308,20.268041437439674,7.453344842808443,96.0,70.04064747714382
1306894006.35,1.9789784,7.04569,5354.46,-42.4,4.2,222.2,292590.13,1982.83,-1.0,320.97624422930477,89413214.08840013,89413214.08840013,21.36458196327691,7.230145763482204,93.99999999999999,70.11596025054715
1306894006.56,1.9783462,7.0452125,5358.8,-41.0,4.1,222.0,292543.59,1926.72,-1.0,326.43837348485164,93026806.92763092,93026806.92763092,21.538431022085298,7.393322916921031,93.30000000000001,70.18957354888485
1306894006.78,1.9777182,7.0447349,5363.0,-39.7,3.9,221.8,292497.41,1870.61,-1.0,309.5112073968684,97828061.56255803,97828061.56255803,21.868562497437143,7.384459326232537,96.2,70.2521172934168
1306894006.99,1.9770912,7.044255,5367.06,-38.5,3.8,221.6,292451.34,1814.26,-1.0,325.71365027725477,93076311.97853333,93076311.97853333,24.541353241388506,7.3966696668863285,95.3,70.30437997933106
1306894007.2,1.9764683,7.0437752,5370.98,-37.3,3.7,221.4,292405.56,1757.93,-1.0,324.68825874918065,97431482.2592787,97431482.2592787,23.91650436043367,7.594438297974708,96.3,70.3553336101272
1306894008.89,1.9715106,7.0398596,5397.85,-30.4,2.9,220.1,292041.91,1298.91,-1.0,325.2226700312992,95599449.40205806,95599449.40205806,24.77408345094114,7.704406776137488,93.19999999999999,70.41446309394173
1306894009.11,1.9708748,7.0393457,5400.77,-29.6,2.8,220.0,291995.34,1238.74,-1.0,324.27941793751774,90689461.74702132,90689461.74702132,25.06644169506303,7.80005470260242,93.89999999999999,70.47190075798372
1306894009.33,1.9702399,7.0388299,5403.58,-28.9,2.7,219.8,291948.84,1178.37,-1.0,324.75058826203497,94359168.59170929,94359168.59170929,25.722987780598423,7.948708841992312,95.1,70.52760832578774
1306894009.54,1.9696028,7.0383098,5406.29,-28.3,2.6,219.7,291902.22,1117.51,-1.0,343.383018011093,95407741.05747245,95407741.05747245,24.608425015918982,8.049263323060849,95.4,70.58165469499158
1306894009.75,1.96901,7.0378237,5408.72,-27.9,2.5,219.5,291858.84,1060.64,-1.0,318.87638540735736,106727720.33816373,106727720.33816373,25.45877892826266,7.845449209593337,93.80000000000001,70.63381786209571
1306894010.38,1.9671867,7.0363149,5415.63,-26.4,2.4,219.1,291725.56,884.2,-1.0,329.1603652872857,101975269.7460747,101975269.7460747,26.656874050403612,8.100149057754086,92.70000000000002,70.68064528991722
1306894010.59,1.9665678,7.0357982,5417.79,-25.9,2.3,219.0,291680.34,823.8,-1.0,337.37913690357277,103234613.6559211,103234613.6559211,27.762328963604084,8.207112035750846,92.40000000000002,70.72580386384548
1306894010.8,1.9659497,7.0352798,5419.87,-25.4,2.2,218.9,291635.19,763.22,-1.0,337.82449565657066,100216744.45553431,100216744.45553431,28.129160533838487,8.070840579198105,90.00000000000001,70.76933951563902
1306894011.01,1.9653669,7.0347889,5421.74,-25.0,2.2,218.7,291592.63,705.86,-1.0,318.12596487196623,94522564.56853293,94522564.56853293,25.92063781127426,7.923892712998376,89.80000000000001,70.81119865824618
1306894011.43,1.9641484,7.0337562,5425.42,-24.2,2.0,218.5,291503.72,585.24,-1.0,334.72103453323786,77819653.99585539,77819653.99585539,28.318301174869603,7.999810711895135,88.20000000000002,70.85287407381924
1306894011.64,1.9635359,7.0332337,5427.15,-23.8,2.0,218.4,291459.03,524.24,-1.0,337.9756811473024,80009281.60668428,80009281.60668428,26.37590479996762,7.872274650306061,90.00000000000001,70.87530408256815
1306894012.91,1.9599185,7.0301024,5435.92,-23.6,2.0,217.6,291195.44,158.88,-1.0,332.50380240515904,76796181.20995024,76796181.20995024,28.038306904448145,7.825005352097637,90.60000000000001,70.90221243777376
1306894013.12,1.9593167,7.0295737,5437.14,-23.9,1.6,217.5,291151.66,97.24,-1.0,337.6677549009999,66601458.52613767,66601458.52613767,29.50236766797439,7.817456968525221,91.10000000000001,70.92790360137829
1306894013.33,1.9586958,7.0290258,5438.33,-24.3,1.6,217.4,291106.47,33.38,-1.0,350.13999720336034,85816181.46694887,85816181.46694887,30.490980772042914,7.946887632478915,87.5,70.95243116043342
1306894013.55,1.9580957,7.0284939,5439.42,-24.7,1.5,217.3,291062.81,-28.62,-1.0,322.2696476741741,106284147.54403938,106284147.54403938,31.51263444388266,7.9247129177730065,87.8,70.9759329102147
1306894013.76,1.9574964,7.0279603,5440.44,-25.3,1.5,217.1,291019.25,-90.79,-1.0,339.02659741866495,103215108.38034023,103215108.38034023,29.189593001248483,7.784277018748731,89.5,70.99492569236693
1306894014.39,1.9557018,7.0263469,5443.14,-27.3,1.5,216.7,290888.88,-278.7,-1.0,340.49998022748156,115954114.44496165,115954114.44496165,27.18614751838699,7.457828952387902,89.60000000000001,71.01433186034593
1306894014.61,1.9551044,7.0258043,5443.93,-28.0,1.3,216.6,290845.5,-341.86,-1.0,325.7011390322748,126262501.25793585,126262501.25793585,27.54594766784196,7.508482929374222,89.70000000000002,71.03275049551654
1306894014.82,1.9544988,7.0252512,5444.67,-28.8,1.3,216.4,290801.56,-406.22,-1.0,348.4558072586407,100689444.0657793,100689444.0657793,28.765434023181665,7.635517125349507,88.00000000000001,71.05030408256815
1306894015.03,1.9539325,7.0247313,5445.3,-29.5,1.3,216.2,290760.5,-466.72,-1.0,325.5192153434131,105497228.87800176,105497228.87800176,27.087731042379296,7.3275846922238665,90.70000000000002,71.06552280522781
1306894015.24,1.9533504,7.0241937,5445.91,-30.3,1.2,216.1,290718.31,-529.24,-1.0,336.46009219875754,103257509.84605446,103257509.84605446,28.580078246217564,7.3654107359635725,88.80000000000001,71.07988413506158
1306894015.66,1.9521879,7.0231105,5446.97,-31.9,1.2,215.7,290634.09,-655.19,-1.0,337.9895648669542,95783344.63753952,95783344.63753952,27.928000003958594,7.427459903839501,85.2,71.08834323392423
1306894016.95,1.9488155,7.0198821,5448.89,-35.7,1.2,214.5,290390.38,-1030.1,-1.0,323.72202046634857,101985962.75992927,101985962.75992927,26.149623004540963,7.290384406447167,85.00000000000001,71.09733820330305
1306894017.37,1.9477454,7.0188259,5449.15,-36.7,1.2,214.0,290313.25,-1152.6,-1.0,321.57753832372396,108225144.49649785,108225144.49649785,25.532106374893655,7.288022562932149,85.60000000000001,71.10562123042467
1306894017.58,1.947251,7.0183319,5449.21,-37.2,1.2,213.8,290277.66,-1209.87,-1.0,297.94186255003507,95148131.20317474,95148131.20317474,25.14886361107759,7.441122410775775,85.30000000000001,71.11311576235818
1306894017.79,1.9467287,7.0178054,5449.23,-37.7,1.2,213.5,290240.09,-1270.86,-1.0,317.90889155495466,85755832.28414987,85755832.28414987,26.00838192027196,7.591095304199381,84.10000000000001,71.11984476498284
1306894018.0,1.9462179,7.017286,5449.21,-38.2,1.2,213.3,290203.38,-1331.03,-1.0,312.3935253998817,81640828.19211969,81640828.19211969,27.43220457541064,7.768683322542205,82.19999999999999,71.12449152788749
1306894018.22,1.9457162,7.016771,5449.16,-38.7,1.2,213.0,290167.34,-1390.66,-1.0,293.4225507540077,66092209.66724234,66092209.66724234,25.335568716814354,7.639394988895515,83.39999999999999,71.12849524617269
1306894019.48,1.9428688,7.0137446,5448.05,-41.8,1.2,211.3,289963.56,-1740.58,-1.0,297.90929929461674,57105519.21764811,57105519.21764811,26.032417956142837,7.285046690015533,83.8,71.13108273523656
1306894019.69,1.9424154,7.0132438,5447.74,-42.3,1.2,211.0,289931.22,-1798.4,-1.0,291.82860085277946,48617368.71171264,48617368.71171264,27.10397484389805,7.454447295234044,81.10000000000001,71.13295062675013
1306894020.95,1.9398432,7.0102768,5445.21,-46.0,1.2,208.9,289748.69,-2140.39,-1.0,283.81945825734385,46246837.908209115,46246837.908209115,25.333207716179672,7.3780416411189,82.80000000000001,71.13241475623394
1306894021.37,1.9390395,7.0092963,5444.11,-47.2,1.2,208.2,289692.03,-2253.18,-1.0,276.45539678701465,35861404.39638152,35861404.39638152,24.207754930178226,7.359340180475547,86.30000000000001,71.13022534241065
1306894021.58,1.9386455,7.0088042,5443.51,-47.8,1.2,207.7,289664.31,-2309.75,-1.0,275.8213835480923,35226148.012657955,35226148.012657955,25.65885525676861,7.437530566330487,83.0,71.12610679472913
1306894021.8,1.9382567,7.0083106,5442.87,-48.1,1.2,207.3,289637.03,-2366.45,-1.0,261.78655334950025,43095101.68169657,43095101.68169657,25.22990916295628,7.430129359317944,85.9,71.12129927066964
1306894022.01,1.937877,7.0078203,5442.21,-48.0,1.2,206.9,289610.44,-2422.74,-1.0,272.163148642914,36498113.09468748,36498113.09468748,24.245882892474455,7.188763192680943,85.4,71.11594056550777
1306894022.22,1.9375027,7.0073286,5441.53,-47.6,1.2,206.5,289584.28,-2479.17,-1.0,271.8376039847883,44003406.62237387,44003406.62237387,23.349972569612184,6.962059292556772,87.60000000000002,71.11004598982973
1306894022.86,1.9364224,7.0058591,5439.33,-45.0,0.9,205.3,289509.09,-2647.61,-1.0,263.7584891602679,52709307.59570837,52709307.59570837,23.04607578515631,6.870182346568525,87.50000000000001,71.10248256025844
1306894023.07,1.9360726,7.0053667,5438.55,-43.6,0.9,204.9,289484.88,-2704.0,-1.0,267.65156615863305,52239902.152841784,52239902.152841784,25.666479146585207,6.90364044984977,88.3,71.09436029429168
1306894023.28,1.9357499,7.004905,5437.8,-41.6,0.9,204.5,289462.59,-2756.83,-1.0,248.430891032642,62576442.344672486,62576442.344672486,23.201187917263447,6.99716989439526,88.4,71.08651361887611
1306894023.49,1.935414,7.0044171,5436.99,-39.3,0.8,204.2,289439.41,-2812.65,-1.0,263.15511235918734,62180221.362593725,62180221.362593725,21.09707656375665,6.892976062157217,89.0,71.07828417880611
1306894023.7,1.9350931,7.0039441,5436.19,-36.4,0.8,203.9,289417.34,-2866.74,-1.0,253.48259542530363,63360763.18355637,63360763.18355637,21.382026744185698,7.133095605614526,91.1,71.07137910444041
1306894024.97,1.9332256,7.0010833,5430.86,-16.5,0.8,202.6,289289.56,-3193.52,-1.0,251.47613249015754,59165527.09374669,59165527.09374669,20.836627430670333,6.894072479563137,88.0,71.06123584109832
1306894025.4,1.9326175,7.0001243,5428.79,-8.5,0.2,202.4,289248.13,-3302.98,-1.0,247.31697137554224,52968991.82685385,52968991.82685385,21.279161139923787,6.961203305633717,88.30000000000001,71.04996724967226
1306894025.61,1.9323356,6.9996776,5427.77,-5.0,0.2,202.4,289228.94,-3353.96,-1.0,234.52204239994913,45535075.99242381,45535075.99242381,20.534145951446543,7.010461441807961,85.9,71.03840775710883
1306894025.82,1.9320443,6.9992153,5426.66,-1.1,0.1,202.4,289209.13,-3406.71,-1.0,243.44922829839288,38665812.25431192,38665812.25431192,20.615414480161256,7.196900749771915,88.60000000000002,71.02650377635644
1306894026.03,1.9317491,6.9987465,5425.49,2.5,0.1,202.4,289189.03,-3460.21,-1.0,247.28329718922168,33105745.75423127,33105745.75423127,21.635873038212626,7.489440786693636,86.30000000000001,71.0142246862427
1306894026.24,1.9314673,6.9982995,5424.32,6.4,0.1,202.4,289169.84,-3511.22,-1.0,234.66995065709827,33611660.763790436,33611660.763790436,20.30168138154567,7.631945154080444,88.3,71.00273409131705
1306894026.87,1.9306038,6.9969352,5420.45,-4.0,0.1,202.4,289111.03,-3666.94,-1.0,239.37945061045193,31807593.248784237,31807593.248784237,18.99450110287422,7.653062111021557,88.4,70.98887801082712
1306894027.08,1.9303288,6.9965009,5419.12,-12.3,-0.1,202.4,289092.31,-3716.5,-1.0,227.4530723512285,28381025.219505236,28381025.219505236,20.53507602842782,7.570746291163434,88.39999999999999,70.97457792333805
1306894027.29,1.9300386,6.9960408,5417.66,-16.5,-0.1,202.3,289072.53,-3769.01,-1.0,242.37862803615326,29985942.203562953,29985942.203562953,22.214800487632324,7.848428032106462,87.80000000000001,70.95978024179824
1306894027.51,1.9297537,6.9955866,5416.17,-17.1,-0.1,202.2,289053.16,-3820.83,-1.0,226.63179120379988,27695352.603364535,27695352.603364535,23.583516310731074,7.602497073471115,84.60000000000001,70.94445434503534
1306894027.73,1.9294703,6.995132,5414.62,-16.0,-0.1,202.1,289033.91,-3872.7,-1.0,226.6471222383188,22116398.673872568,22116398.673872568,23.998898987994966,7.493159065903145,87.10000000000001,70.93202214905983
1306894028.4,1.9286082,6.9937323,5409.58,-17.9,-0.1,201.7,288975.44,-4032.33,-1.0,228.88046095095686,22057607.184939153,22057607.184939153,24.09063723255892,7.210961189599379,88.7,70.91731633103709
1306894028.61,1.9283383,6.9932884,5407.89,-18.5,-0.2,201.6,288957.16,-4082.94,-1.0,231.37276679846232,20964729.08648442,20964729.08648442,25.827580762481727,7.080708460314841,90.4,70.90209760837742
1306894028.82,1.9280775,6.9928564,5406.21,-18.1,-0.2,201.4,288939.53,-4132.18,-1.0,224.17353882270325,24670740.56497452,24670740.56497452,24.370625822308515,6.953813162184143,87.4,70.88644253401172
1306894029.03,1.9278144,6.9924175,5404.45,-17.0,-0.2,201.3,288921.78,-4182.2,-1.0,227.85668463098338,26354803.268747423,26354803.268747423,24.367564386117095,6.807658640244908,87.20000000000002,70.8703357973538
1306894029.24,1.9275637,6.9919966,5402.74,-15.7,-0.3,201.2,288904.84,-4230.17,-1.0,217.35941908922547,31234357.176606283,31234357.176606283,24.305013022115055,6.914429674919715,85.20000000000002,70.85381567486911
1306894029.88,1.9267884,6.9906791,5397.14,-12.6,-0.4,200.8,288852.66,-4380.24,-1.0,223.34789474379554,31075485.828029584,31075485.828029584,25.07936003201115,6.9378070445834155,83.30000000000001,70.83597118668014
1306894030.09,1.9265444,6.9902599,5395.28,-11.5,-0.4,200.7,288836.28,-4427.98,-1.0,215.4245609527684,23404488.927348558,23404488.927348558,25.34646158254317,7.057000110316603,82.80000000000001,70.81772096795747
1306894030.3,1.9262977,6.9898341,5393.35,-10.0,-0.4,200.6,288819.69,-4476.47,-1.0,219.13140712562594,22470447.959527582,22470447.959527582,25.167269533257585,6.672755644178314,85.0,70.79911095045966
1306894030.73,1.9258041,6.9889771,5389.37,-7.0,-0.4,200.5,288786.59,-4574.04,-1.0,214.68764300842528,17152939.176667266,17152939.176667266,25.225161225017455,6.687040908634746,86.7,70.77859476498286
1306894032.0,1.9243733,6.9864682,5376.73,1.1,-0.4,200.5,288690.78,-4859.62,-1.0,212.2779949346558,13997723.028696723,13997723.028696723,26.245266756373077,7.033989211837824,85.50000000000001,70.74958885947103
1306894032.44,1.9238853,6.98561,5372.06,4.3,-0.4,200.5,288658.13,-4957.3,-1.0,209.19804278650858,15100183.145551747,15100183.145551747,25.878604039158688,7.183244024453111,85.80000000000001,70.7208661998035
1306894032.65,1.9236518,6.9852001,5369.77,5.7,-0.4,200.5,288642.47,-5003.96,-1.0,209.51669525496365,19899620.119619228,19899620.119619228,25.520324235611124,7.419181574444493,85.60000000000002,70.69168422255065
1306894032.87,1.9234134,6.9847822,5367.38,7.0,-0.9,200.5,288626.5,-5051.52,-1.0,203.1998878304223,23131566.665409103,23131566.665409103,28.341542855010495,7.4583590950585865,88.90000000000002,70.66195871948854
1306894033.08,1.9231831,6.9843795,5365.04,8.4,-0.9,200.6,288611.06,-5097.36,-1.0,205.507524547132,24600815.53548505,24600815.53548505,28.331764288035256,7.5541189662352455,92.1,70.6317892094273
1306894033.29,1.9229542,6.9839805,5362.68,9.8,-0.9,200.6,288595.72,-5142.79,-1.0,203.51858041648967,22908811.574126445,22908811.574126445,30.24925785013952,7.61319706438871,93.6,70.6011221053153
1306894033.71,1.9224902,6.9831761,5357.81,13.1,-0.9,200.8,288564.59,-5234.37,-1.0,205.51410716298358,22383845.898954898,22383845.898954898,30.5188760571561,7.837163774554771,94.5,70.57101383759877
1306894034.98,1.9210962,6.9808124,5342.48,18.9,-0.9,201.7,288470.69,-5503.64,-1.0,199.84582970883983,19019161.00824598,19019161.00824598,31.597078550426488,7.7150235057675465,95.30000000000001,70.5305938900922
1306894035.19,1.9208616,6.9804239,5339.81,19.5,-0.9,201.8,288454.81,-5547.92,-1.0,199.4030566720042,20197911.665265262,20197911.665265262,31.439663648309836,7.772384379074563,92.99999999999999,70.48960745089711
1306894036.47,1.9194299,6.9781184,5323.08,19.5,-0.9,202.9,288357.5,-5810.9,-1.0,194.56554403458006,21718489.256087393,21718489.256087393,30.836069270201243,8.022054709544904,92.0,70.43886051301435
1306894036.69,1.9191822,6.9777307,5320.11,20.7,-0.9,203.1,288340.59,-5855.15,-1.0,190.93352638005345,22465694.957999464,22465694.957999464,31.116734236813674,8.038201181063824,91.7,70.39551624354803
1306894037.55,1.9182043,6.9762305,5308.17,19.4,-1.5,203.8,288273.63,-6026.51,-1.0,189.6238091933013,20871230.235556748,20871230.235556748,30.838512562916414,8.016402799552004,92.00000000000001,70.34660657600648
1306894037.77,1.9179508,6.9758489,5305.02,18.9,-1.5,204.0,288256.22,-6070.11,-1.0,189.18173002069278,19108728.52177827,19108728.52177827,30.262866986195597,7.664271367784251,92.50000000000001,70.2970385532593
1306894038.2,1.9174506,6.9751034,5298.7,17.9,-1.5,204.4,288221.81,-6155.32,-1.0,189.5514795348187,14849057.576890938,14849057.576890938,29.53760686290531,7.721994889273444,91.9,70.24446200032843
1306894039.04,1.91646,6.9736541,5285.86,16.2,-1.9,205.0,288153.5,-6321.07,-1.0,189.36458342198196,12748383.979281094,12748383.979281094,28.75350867103355,7.80551114259783,91.30000000000001,70.18384738965476
1306894039.48,1.9159337,6.9728966,5278.86,17.2,-2.0,205.3,288117.13,-6407.74,-1.0,189.66077507288315,12002787.35785084,12002787.35785084,26.93689170928074,7.6034235058934785,90.30000000000001,70.1196807229881
1306894039.69,1.9156755,6.9725283,5275.39,18.3,-2.0,205.4,288099.25,-6449.89,-1.0,194.13323701420092,13976641.256447041,13976641.256447041,25.832495207594075,7.529983336107092,91.0,70.0565857973538
1306894039.9,1.9154292,6.9721791,5272.06,20.4,-2.1,205.6,288082.19,-6489.86,-1.0,183.06159016821704,18263284.257600408,18263284.257600408,24.741098884160607,7.627409349991089,90.7,70.00267722342555
1306894040.11,1.9151717,6.9718164,5268.55,22.8,-2.1,205.8,288064.31,-6531.39,-1.0,191.49004408532014,17860952.85809254,17860952.85809254,25.1357009979834,7.824885227584643,93.30000000000001,69.94812560487786
1306894040.32,1.9149137,6.9714558,5265.0,25.5,-2.1,206.0,288046.41,-6572.68,-1.0,190.52036878121612,20871633.41701502,20871633.41701502,24.95142847121527,7.679095716713318,93.60000000000001,69.90366366262064
1306894040.75,1.9143805,6.9707208,5257.6,29.2,-2.1,206.5,288009.34,-6656.89,-1.0,190.26799074356444,21668497.999876924,21668497.999876924,24.202432690303688,7.445218193505326,93.2,69.85581042552528
1306894042.05,1.9126986,6.9685072,5233.9,31.7,-2.4,208.4,287891.63,-6910.85,-1.0,191.8673785334483,20228865.1085043,20228865.1085043,24.357320751501508,7.3921371485458405,90.8,69.79895456375802
1306894042.48,1.9121267,6.9677906,5225.8,29.7,-2.4,209.0,287851.38,-6993.19,-1.0,189.95170640275663,21304774.746488713,21304774.746488713,26.209924821117987,7.69999344411301,89.69999999999999,69.73830933191198
1306894042.69,1.9118394,6.9674363,5221.73,29.1,-2.6,209.3,287831.13,-7033.93,-1.0,193.54927096223525,22836626.64822528,22836626.64822528,24.10120221821723,7.5584191068407565,88.8,69.67938654101083
1306894042.9,1.9115472,6.9670795,5217.57,28.2,-2.7,209.6,287810.47,-7074.96,-1.0,195.7381456289315,22479989.572811835,22479989.572811835,25.365946338413778,7.556025168683853,87.3,69.62710854451039
1306894043.11,1.9112654,6.9667387,5213.55,26.8,-2.8,209.8,287790.53,-7114.17,-1.0,186.48651002958096,23563531.055609073,23563531.055609073,27.612945419254117,7.732189116743567,88.5,69.57711182535029
1306894043.33,1.9109637,6.9663772,5209.24,24.6,-2.9,210.1,287769.19,-7155.78,-1.0,189.63481127832955,22744408.8944977,22744408.8944977,28.26581122071039,7.573366531496114,86.8,69.52647206157077
1306894043.96,1.9100701,6.9653221,5196.34,19.3,-2.9,210.6,287705.84,-7277.26,-1.0,194.67321240034164,19011077.15952604,19011077.15952604,27.27168851309941,7.625382787655099,88.6,69.46850618230567
1306894044.17,1.9097796,6.9649832,5192.1,18.5,-3.2,210.8,287685.22,-7316.29,-1.0,187.47764967924718,18801147.890678097,18801147.890678097,26.394531302830305,7.650446757804089,87.2,69.40998146664514
1306894044.38,1.9094782,6.9646335,5187.66,17.5,-3.3,211.0,287663.81,-7356.59,-1.0,194.65952083783853,12913242.624706699,12913242.624706699,26.24747163116598,7.657653704314774,86.4,69.35077542989973
1306894044.59,1.9091801,6.9642892,5183.24,15.9,-3.4,211.1,287642.63,-7396.26,-1.0,191.5304181697323,12775630.285686085,12775630.285686085,27.538086987152994,7.675154662173958,87.2,69.29385067049465
1306894044.8,1.9088868,6.963952,5178.86,13.8,-3.5,211.2,287621.75,-7435.13,-1.0,187.5324410182922,14131235.078800047,14131235.078800047,27.950507539429772,7.645510200938057,90.0,69.2517159373363
1306894046.08,1.9070568,6.9618691,5149.26,-0.7,-8.9,211.2,287491.47,-7675.27,-1.0,191.14252782819412,11425211.045161031,11425211.045161031,28.096127361507058,7.389337538256042,89.69999999999999,69.19312232403796
1306894046.29,1.9067617,6.9615346,5142.98,-8.2,-10.1,211.7,287470.47,-7713.84,-1.0,187.8409139683636,12649955.559411116,12649955.559411116,28.255892015488424,7.694048321186271,88.50000000000001,69.1328368909671
1306894047.58,1.9049971,6.959488,5086.61,-36.2,-14.6,211.1,287345.06,-7949.63,-1.0,188.38605410025565,13224102.689781865,13224102.689781865,27.18428632057225,7.573124037582041,90.8,69.03258317268188
1306894047.8,1.9047128,6.9591487,5074.55,-33.2,-14.3,210.8,287324.94,-7988.68,-1.0,184.11991400633673,8608577.050484104,8608577.050484104,25.981133569241024,7.59240579950371,92.20000000000002,68.92617459875362
1306894049.53,1.902529,6.9564427,4979.37,-22.7,-9.5,210.1,287170.91,-8299.72,-1.0,184.93861541710714,8088381.990225012,8088381.990225012,26.27511368463751,7.746551671073156,94.5,68.7502023765314
1306894049.74,1.9022708,6.9561135,4969.12,-22.1,-9.0,210.1,287152.75,-8337.52,-1.0,182.1784356261176,10664445.831174476,10664445.831174476,25.58833401753568,7.902197971384229,93.2,68.5762588069776
1306894049.95,1.9020051,6.9557733,4958.9,-21.6,-8.5,210.0,287134.09,-8376.6,-1.0,188.4085934991584,12596663.721913537,12596663.721913537,27.54424450632812,7.98790129665132,93.0,68.39773737215695
1306894050.16,1.90176,6.955458,4949.78,-20.1,-8.1,210.0,287116.88,-8412.78,-1.0,172.14919253818798,14794943.705828302,14794943.705828302,28.492203142773214,7.900292535916946,95.60000000000001,68.21563326017096
1306894050.37,1.9015049,6.9551288,4940.6,-19.6,-7.6,210.0,287098.97,-8450.58,-1.0,180.33474537751655,13795437.745242752,13795437.745242752,27.16528030696991,7.823307408682087,94.6,68.02988522867489
1306894051.0,1.9007437,6.9541428,4915.13,-17.8,-6.6,210.0,287045.56,-8563.75,-1.0,179.02015768235873,13351928.949422602,13351928.949422602,27.505495419645744,7.880524889305931,91.8,67.82799218405547
1306894051.21,1.9004862,6.9538087,4907.14,-17.3,-6.3,210.2,287027.5,-8602.09,-1.0,181.59326790388866,15036017.029384075,15036017.029384075,26.09573277022934,8.18457772296043,91.39999999999999,67.6426422278
1306894051.85,1.8997157,6.9528108,4884.96,-17.8,-5.4,210.4,286973.44,-8716.63,-1.0,177.08639355402562,15135187.077269934,15135187.077269934,26.771077296560275,8.139496583949073,92.10000000000001,67.44512035553403
1306894052.48,1.8989596,6.9518356,4865.44,-17.4,-4.9,210.7,286920.38,-8828.57,-1.0,175.17256907533428,18109363.933320373,18109363.933320373,27.48326555683973,8.241824281336475,91.4,67.27580823829868
1306894052.69,1.8987158,6.9515227,4859.54,-17.9,-4.7,210.8,286903.25,-8864.5,-1.0,167.72221160414202,21465135.603662275,21465135.603662275,27.168315871317475,8.066614794200364,90.00000000000001,67.11121178160577
1306894053.33,1.8979518,6.9505471,4842.14,-19.2,-4.3,211.1,286849.53,-8976.52,-1.0,172.10094998406572,18909037.568457328,18909037.568457328,24.945077810175583,7.9983181320214545,88.30000000000001,67.00615819455416
1306894053.98,1.8971781,6.9495677,4825.88,-21.6,-4.3,211.4,286795.09,-9089.01,-1.0,169.97237973485883,15548134.470576337,15548134.470576337,27.210886016272262,8.013965756548947,90.9,66.89650377635643
1306894054.2,1.8969112,6.9492317,4820.54,-21.6,-3.9,211.5,286776.28,-9127.61,-1.0,172.77272482570893,13881598.416270668,13881598.416270668,25.915089457860628,7.775765980251919,89.1,66.79058514118583
1306894054.83,1.8961563,6.9482869,4806.08,-24.5,-3.6,211.8,286723.09,-9236.17,-1.0,169.35739097540025,8009020.0530756,8009020.0530756,24.027602528854374,8.051196117294788,86.9,66.68057857950603
1306894055.47,1.895359,6.9472947,4791.8,-27.7,-3.3,211.8,286666.88,-9350.2,-1.0,175.9835149640789,8003037.016346686,8003037.016346686,23.926323419827103,8.085377916756348,86.30000000000001,66.56666781835118
1306894055.68,1.8951034,6.9469771,4787.42,-28.3,-3.2,211.8,286648.84,-9386.7,-1.0,171.09224482481116,11113876.246637987,11113876.246637987,23.237864894987172,8.101523056160582,86.50000000000001,66.46890207031969
1306894056.1,1.894576,6.946322,4778.66,-31.2,-3.1,211.8,286611.63,-9461.99,-1.0,177.12112241453943,13509478.872593543,13509478.872593543,22.868986527561844,7.858000348376102,88.4,66.37054686472038
1306894056.31,1.8943054,6.9459855,4774.29,-32.1,-3.1,211.9,286592.56,-9500.66,-1.0,182.42196371967538,15999852.894381642,15999852.894381642,22.69531073382305,7.606174702055635,89.60000000000002,66.28582573611145
1306894056.94,1.8934949,6.9449742,4761.67,-36.8,-2.9,211.8,286535.41,-9616.87,-1.0,182.5653952609367,20154766.2853029,20154766.2853029,21.927957246777513,7.64674452114226,87.1,66.20638675973349
1306894057.15,1.8932252,6.9446359,4757.61,-38.7,-2.9,211.7,286516.41,-9655.73,-1.0,182.88796287946408,21330223.536256216,21330223.536256216,22.355869599329612,7.437318699650069,88.0,66.12835635728382
1306894057.58,1.89267,6.9439352,4749.41,-42.3,-2.7,211.5,286477.31,-9736.23,-1.0,184.9642484460007,24425847.464696728,24425847.464696728,23.942638952161396,7.496549214429229,88.60000000000001,66.05736882447542
1306894057.8,1.8923808,6.9435673,4745.23,-43.8,-2.7,211.4,286456.97,-9778.48,-1.0,189.91116331176926,28508181.863498256,28508181.863498256,22.49438714398303,7.4950181008573455,86.6,65.99562888571775
1306894058.45,1.891519,6.942455,4733.02,-50.2,-2.5,210.9,286396.44,-9906.15,-1.0,194.0422551040531,32434081.095325235,32434081.095325235,21.19472111459914,7.502487968676002,88.4,65.92862976060839
1306894058.66,1.8912516,6.9421036,4729.3,-53.1,-2.4,210.6,286377.72,-9946.46,-1.0,188.16860212478645,34402522.10710929,34402522.10710929,21.67433214245087,7.14006813059574,90.4,65.86985242027593
1306894059.08,1.8907038,6.9413704,4721.68,-57.9,-2.4,210.0,286339.41,-10030.52,-1.0,196.40947327340433,34787972.26969469,34787972.26969469,21.695178166954992,7.268447733874747,93.60000000000001,65.81617350514031
1306894059.29,1.8904264,6.9409894,4717.67,-59.5,-2.5,209.5,286320.09,-10074.17,-1.0,203.72690867409275,34709461.87874363,34709461.87874363,19.834010356944496,7.395795054019815,96.4,65.762777835849
1306894059.93,1.889633,6.9398423,4704.43,-61.6,-3.3,207.7,286265.19,-10205.38,-1.0,198.67892863062218,37301188.489598684,37301188.489598684,20.590205317149472,7.593878645547203,94.0,65.70595259525408
1306894060.14,1.8893746,6.9394455,4699.29,-62.9,-3.8,207.0,286247.47,-10250.69,-1.0,208.29787230271418,38850601.676889904,38850601.676889904,21.712526793703066,7.864620532312831,94.4,65.64853789709134
1306894060.58,1.8888604,6.9386133,4687.27,-63.9,-4.9,205.6,286212.47,-10345.59,-1.0,206.7424640670851,47820844.10468635,47820844.10468635,23.30208640572461,7.581636880363649,95.8,65.59158251651391
1306894060.79,1.8886299,6.9382199,4680.99,-62.4,-5.5,205.0,286196.94,-10390.39,-1.0,202.92689146570683,57375402.44829529,57375402.44829529,22.86911615672921,7.710313900985469,94.4,65.53292766087087
1306894061.42,1.8879448,6.9369707,4658.58,-54.0,-7.6,203.2,286151.25,-10532.42,-1.0,214.58270884757002,60304263.339316465,60304263.339316465,24.113064798910465,7.637976345524369,94.60000000000001,65.46339463374926
1306894062.05,1.8873169,6.9357195,4632.6,-42.8,-8.8,201.8,286110.13,-10674.4,-1.0,213.2961163345764,64409823.5564084,64409823.5564084,25.085835253280294,7.58661640515509,94.39999999999999,65.37717306769501
1306894062.26,1.8871067,6.9352754,4622.76,-37.0,-8.7,201.4,286096.5,-10724.75,-1.0,227.82933151537011,64137317.66754142,64137317.66754142,26.929441601953954,7.6254742232687684,94.19999999999999,65.2927658061027
1306894062.89,1.886506,6.9339642,4594.24,-31.3,-7.5,200.8,286057.91,-10873.27,-1.0,222.75043404600603,64989745.64939158,64989745.64939158,26.99145938300357,7.732715504201133,93.6,65.18937341765125
1306894063.53,1.8859052,6.9326034,4567.12,-32.4,-7.0,200.3,286019.63,-11027.29,-1.0,226.46660707318293,68341706.80900699,68341706.80900699,26.341836568453523,7.739029977537529,92.5,65.07105320767751
1306894063.75,1.8856985,6.9321246,4558.12,-33.4,-7.1,200.2,286006.53,-11081.46,-1.0,231.43633137245575,75647918.8823232,75647918.8823232,28.513933299097403,7.510802085638071,92.50000000000001,64.94891300645267
1306894064.39,1.8851115,6.9307306,4532.48,-35.3,-7.3,199.6,285969.56,-11239.11,-1.0,230.9569490050088,83642277.58663304,83642277.58663304,29.330025023499783,7.251133909827988,93.3,64.81728024179824
1306894065.04,1.8845262,6.9292693,4505.59,-35.3,-7.5,198.8,285933.16,-11404.23,-1.0,238.15657172032184,88764843.19606447,88764843.19606447,28.762883088261294,7.223950289127233,91.60000000000001,64.66899721467664
1306894065.25,1.88434,6.9287856,4496.62,-35.7,-7.6,198.5,285921.72,-11458.86,-1.0,243.93317138434242,87695950.38234906,87695950.38234906,28.76796274653757,7.222402893242657,92.10000000000001,64.52304905194696
1306894065.89,1.8837919,6.9273012,4468.82,-35.7,-7.8,197.7,285888.41,-11626.36,-1.0,245.07975060366445,89334449.8189889,89334449.8189889,28.491839781388755,7.335040553903141,90.80000000000001,64.36062669849115
1306894066.52,1.883278,6.9258078,4440.51,-35.7,-7.8,196.8,285857.88,-11794.7,-1.0,249.96188505697307,89519679.44555649,89519679.44555649,26.718649677583336,7.5259725264378154,89.80000000000001,64.1936877221132
1306894066.73,1.8831236,6.9253347,4431.46,-36.0,-8.0,196.5,285848.84,-11848.0,-1.0,235.71493528803313,87867274.8924141,87867274.8924141,26.35551704984735,7.300676926293757,92.00000000000001,64.03970915693384
1306894067.16,1.8828078,6.9243229,4411.98,-36.2,-8.0,195.8,285830.72,-11961.9,-1.0,246.70553554174577,84515024.39941624,84515024.39941624,27.104835521746267,7.261037984980213,94.0,63.87835088921731
1306894067.59,1.8825084,6.9232969,4392.04,-36.6,-8.0,195.1,285813.97,-12077.29,-1.0,249.78822328828826,78016186.21579082,78016186.21579082,29.208416597224705,7.3633648246002075,93.9,63.723560862970594
1306894067.81,1.8823644,6.9227741,4381.79,-36.7,-8.2,194.7,285806.09,-12136.07,-1.0,248.2624922429884,68899248.93375467,68899248.93375467,31.26350535484914,7.499923592221269,91.30000000000001,63.58168531616394
1306894068.45,1.8819824,6.9212632,4351.91,-37.1,-8.2,193.5,285786.06,-12305.72,-1.0,245.6743255068249,60120727.00949869,60120727.00949869,29.525319739778645,7.511890189992977,89.9,63.423825517388785
1306894069.09,1.8816559,6.9197608,4321.73,-37.6,-8.2,192.2,285770.38,-12474.17,-1.0,243.24574602852698,57677404.359222315,57677404.359222315,28.210247002795114,7.601673431666864,88.3,63.262490215551516
1306894069.31,1.881556,6.9192406,4311.17,-37.8,-8.5,191.7,285765.97,-12532.43,-1.0,244.63963809370546,61132903.41164802,61132903.41164802,28.36567600648344,7.530059285737421,87.4,63.11365600732755
1306894069.96,1.8813062,6.9177214,4279.98,-38.4,-8.5,190.2,285756.44,-12702.39,-1.0,241.05204582049484,64527507.75755964,64527507.75755964,28.40258077569181,7.5759155828427005,86.10000000000001,62.94781173786123
1306894070.38,1.8811821,6.9167611,4260.02,-38.9,-8.5,189.2,285753.06,-12809.65,-1.0,234.76341213356545,66638344.86959767,66638344.86959767,29.15627387926709,7.363694586618495,86.60000000000002,62.787969218176194
1306894071.02,1.881046,6.9152904,4229.09,-40.0,-8.5,187.5,285752.19,-12973.68,-1.0,235.77936196685275,68836251.5528385,68836251.5528385,30.038209713227783,7.390965142114248,86.30000000000001,62.626121011702
1306894071.24,1.8810153,6.9147877,4218.42,-40.4,-8.5,186.9,285753.13,-13029.67,-1.0,234.16690437631578,62972113.25703271,62972113.25703271,30.131759911671985,7.708373414985433,82.5,62.46303264774749
1306894071.67,1.8809799,6.9138027,4197.39,-41.3,-8.5,185.6,285756.91,-13139.25,-1.0,234.76724384639246,58597542.32161002,58597542.32161002,30.043066602941753,7.611219798126065,79.30000000000001,62.29875771336428
1306894072.09,1.8809786,6.9128508,4176.88,-42.6,-8.5,184.3,285763.19,-13245.0,-1.0,232.17086088357792,55016527.30087372,55016527.30087372,29.32771805834886,7.488569491179698,77.00000000000001,62.134046427275045
1306894072.3,1.8809907,6.9123738,4166.51,-43.5,-8.7,183.6,285767.34,-13297.94,-1.0,233.01136395024187,52474317.52306992,52474317.52306992,27.361865920207848,7.259891420216637,78.4,61.96924327766875
1306894072.94,1.8810803,6.9109389,4134.97,-45.2,-8.5,181.4,285784.03,-13456.91,-1.0,230.1057393429234,51640947.774073675,51640947.774073675,28.360058044596116,7.480871543528512,79.60000000000002,61.80316934940979
1306894073.58,1.8812542,6.9095331,4103.62,-47.4,-8.3,178.9,285807.16,-13612.25,-1.0,226.08136747140412,50606635.7758588,50606635.7758588,28.38214030845368,7.695055453237214,80.00000000000001,61.636199751859486
1306894073.8,1.881338,6.9090399,4092.54,-48.3,-8.2,177.9,285817.09,-13666.64,-1.0,232.41351234508204,50426124.29009528,50426124.29009528,27.120697362731836,7.724008448398503,83.20000000000002,61.468832079068584
1306894074.44,1.8816441,6.9076548,4061.23,-51.3,-7.8,174.9,285850.53,-13819.04,-1.0,225.07159761716133,53180023.956705526,53180023.956705526,25.281026468492183,7.74266302242162,84.3,61.301372542760625
1306894075.09,1.8820648,6.9062804,4029.97,-55.2,-7.1,171.4,285892.94,-13969.72,-1.0,222.5809870957446,52693270.35534318,52693270.35534318,23.729292899072647,7.904569038535049,83.4,61.12526252526281
1306894075.3,1.8822342,6.9058238,4019.55,-56.7,-6.9,170.1,285909.38,-14019.64,-1.0,232.62261074655723,51472637.50001407,51472637.50001407,24.173507730578777,7.8116810538424915,82.2,60.96485351388923
1306894075.93,1.8828074,6.9045332,3989.95,-61.4,-6.0,165.9,285963.28,-14160.28,-1.0,221.72449454767874,55003749.76618646,55003749.76618646,23.614586820993974,7.5428428207221065,83.10000000000001,60.78995303269937
1306894076.56,1.8835331,6.9032703,3960.5,-66.8,-4.8,160.6,286029.03,-14297.11,-1.0,224.6663563026778,54269959.535087965,54269959.535087965,23.781620895315562,7.6876614654632345,84.40000000000002,60.60860679472913
1306894076.78,1.8838178,6.9028518,3950.51,-68.7,-5.8,158.7,286054.31,-14342.24,-1.0,219.66926227104145,50711707.680943854,50711707.680943854,22.387599999942704,7.767597019562731,87.10000000000001,60.435313925087826
1306894077.41,1.8847488,6.9016683,3920.54,-73.4,-5.7,153.6,286135.75,-14469.29,-1.0,225.42835592016903,46279570.10380956,46279570.10380956,21.80852752426377,7.71170052332613,88.5,60.24701668099335
1306894078.05,1.8858449,6.9005504,3888.67,-77.5,-5.4,147.2,286229.78,-14588.25,-1.0,225.1823658320566,39178225.97174221,39178225.97174221,20.02427233441893,7.48421639683635,87.5,60.058466812226946
1306894078.26,1.8862352,6.9002093,3877.92,-78.5,-5.6,144.8,286262.88,-14624.28,-1.0,223.1371292281164,32106658.911352366,32106658.911352366,19.951259712460896,7.490052151003471,87.1,59.88568684722257
1306894078.68,1.8870743,6.8995552,3855.43,-80.0,-5.9,140.3,286333.5,-14692.94,-1.0,226.34565647550963,36034236.86982626,36034236.86982626,21.289818797800873,7.401032014372864,87.4,59.704172192804364
1306894079.1,1.8879682,6.8989575,3832.01,-80.7,-6.6,135.6,286408.09,-14755.07,-1.0,225.28658054658163,42475170.98695933,42475170.98695933,21.04777341494341,7.51780430594404,86.30000000000001,59.528697564632886
1306894079.31,1.8884473,6.8986726,3819.6,-80.8,-7.0,133.4,286447.84,-14784.45,-1.0,231.51528884947237,48412094.252906725,48412094.252906725,23.652538732032014,7.466444242065982,86.9,59.36765316393297
1306894079.94,1.8899196,6.8979226,3782.34,-80.7,-8.0,126.4,286569.13,-14860.74,-1.0,225.63852602773613,56095995.31364998,56095995.31364998,23.68911279167194,7.561515679218186,86.39999999999999,59.1860619565839
1306894080.57,1.8915049,6.897289,3743.1,-79.7,-8.8,119.8,286698.53,-14923.56,-1.0,229.93081095475878,56723831.16551818,56723831.16551818,23.690143330890823,7.67368461578605,86.9,58.99709104669763
1306894080.99,1.8925977,6.8969405,3716.35,-78.1,-9.3,115.3,286787.16,-14957.06,-1.0,229.916039261905,51631408.153437905,51631408.153437905,22.64772519126667,7.6713610509534504,85.60000000000002,58.81018706594523
1306894081.43,1.893766,6.8966385,3687.98,-77.1,-9.7,110.6,286881.44,-14985.04,-1.0,229.93891460030272,48698720.73084364,48698720.73084364,23.662043243444536,7.638397645485196,86.30000000000001,58.60921265649641
1306894082.07,1.8954958,6.896313,3646.25,-75.5,-10.1,103.8,287020.19,-15012.95,-1.0,230.10482018350388,39900793.69655837,39900793.69655837,25.11479465236307,7.618832486335706,84.2,58.399235622375684
1306894082.28,1.8960642,6.8962359,3632.59,-74.9,-10.2,101.5,287065.59,-15018.79,-1.0,228.7791860462253,30917863.267074093,30917863.267074093,26.162583723943317,7.745584226805353,83.2,58.20319887696885
1306894082.7,1.897213,6.896123,3605.0,-73.8,-10.4,97.1,287157.06,-15025.85,-1.0,230.64500793170575,30123423.846307024,30123423.846307024,26.512159768639954,7.662542401535502,86.39999999999999,57.99427061800121
1306894082.91,1.8977946,6.8960872,3591.04,-73.2,-10.5,95.0,287203.22,-15027.04,-1.0,233.49042485369566,34284197.45374399,34284197.45374399,26.707421332281374,7.869397908695103,83.2,57.79187232403795
1306894083.54,1.8995115,6.8960647,3549.78,-71.9,-10.6,88.4,287338.94,-15021.34,-1.0,230.77000532857542,41545495.92728404,41545495.92728404,28.15048415252251,7.70594449073673,85.50000000000001,57.575816987205066
1306894083.96,1.9006643,6.8961186,3521.96,-70.7,-10.6,84.0,287429.59,-15009.85,-1.0,234.8011560717558,46899880.44575149,46899880.44575149,27.1711431643592,7.9189736532443735,87.10000000000001,57.347964843723
1306894084.59,1.9023425,6.8962977,3481.2,-69.0,-10.4,77.7,287560.91,-14981.94,-1.0,232.0089943304306,51936003.320219144,51936003.320219144,25.21855361281655,7.789533167203343,90.60000000000001,57.11743334766002
1306894084.8,1.9028965,6.8963838,3467.67,-68.4,-10.3,75.4,287604.06,-14969.72,-1.0,233.83485824798709,56109865.677352495,56109865.677352495,27.120387618614203,7.839936202414088,91.4,56.90658361012721
1306894085.22,1.9039891,6.8965942,3440.84,-67.2,-10.1,71.1,287688.91,-14941.13,-1.0,234.3759915747952,61912644.72237789,61912644.72237789,27.042260411428337,8.007956509318232,92.8,56.69567263024969
1306894085.43,1.904524,6.8967175,3427.64,-66.6,-10.0,69.1,287730.34,-14924.88,-1.0,233.9019536555788,67712969.95747845,67712969.95747845,27.35227469347981,8.206268660566478,89.60000000000001,56.49637472998722
1306894086.06,1.9061069,6.897166,3388.32,-64.7,-9.4,62.7,287852.28,-14867.48,-1.0,237.03944820786822,74568603.01047873,74568603.01047873,27.312234846381223,8.256002746609806,90.9,56.29892175535904
1306894086.27,1.9065978,6.897332,3376.04,-64.2,-9.2,60.7,287889.94,-14846.69,-1.0,228.5210867883233,80418775.8043619,80418775.8043619,29.16183725257196,8.154571106458258,93.20000000000002,56.10252521117706
1306894086.69,1.9075918,6.8977108,3351.07,-63.0,-8.6,56.5,287965.88,-14799.85,-1.0,236.96822387166102,88425239.30341958,88425239.30341958,29.450142698243397,8.03956047793737,93.40000000000002,55.908134353784234
1306894086.9,1.9080699,6.8979147,3339.01,-62.3,-8.3,54.4,288002.25,-14774.91,-1.0,234.96573949720602,91691485.5736387,91691485.5736387,29.70263735790881,7.739167979651657,92.8,55.7151980020782
1306894087.55,1.9094878,6.8986113,3303.2,-60.6,-7.2,48.3,288109.5,-14690.74,-1.0,235.2372056612684,95311496.5162909,95311496.5162909,28.943048717390347,7.9679296538977855,92.3,55.526433785105326
1306894087.97,1.9103647,6.8991203,3281.08,-59.5,-6.1,44.4,288175.31,-14630.0,-1.0,239.308845269903,96206662.4949476,96206662.4949476,29.84456673711718,7.899827053089979,93.39999999999999,55.34203308519281
1306894088.61,1.9115835,6.8999476,3250.58,-57.8,-4.3,38.5,288265.97,-14532.27,-1.0,234.5267391513685,92814215.53807475,92814215.53807475,30.73343452160866,7.930559787952403,93.0,55.165486715988976
1306894088.82,1.9119644,6.9002403,3241.18,-57.3,-3.7,36.5,288294.06,-14497.92,-1.0,237.70535688664026,86087645.65810695,86087645.65810695,29.890829641065565,7.776801570115107,93.60000000000001,54.99210198283062
1306894089.25,1.9126874,6.90085,3223.6,-56.2,-2.5,32.7,288347.03,-14426.73,-1.0,232.68706298238814,80173394.79955462,80173394.79955462,30.255110327158466,7.495668717595383,92.8,54.825798395778996
1306894089.47,1.9130444,6.9011812,3215.12,-55.7,-1.8,30.8,288373.0,-14388.23,-1.0,237.45074503763573,73134659.39756036,73134659.39756036,29.35837714947842,7.396640150846392,94.49999999999999,54.66310810706508
1306894090.1,1.9139586,6.9021434,3194.3,-54.0,0.4,25.3,288438.69,-14276.96,-1.0,231.28412037214483,65942059.59522457,65942059.59522457,28.198412759866486,7.55581419359063,94.4,54.514580110564644
1306894090.32,1.9142546,6.9024977,3188.01,-53.2,1.2,23.5,288459.66,-14236.18,-1.0,234.4925126203698,62534166.14214002,62534166.14214002,27.650396010729946,7.630621878096003,93.5,54.37063763462414
1306894090.75,1.9147828,6.9031969,3177.73,-52.1,2.9,20.1,288496.66,-14155.98,-1.0,231.2718856296663,56919918.19062068,56919918.19062068,27.47861919409747,7.530236566981281,92.3,54.23794078423044
1306894090.97,1.9150279,6.903557,3173.51,-51.6,3.8,18.4,288513.56,-14114.8,-1.0,228.05027284402203,51116922.25551469,51116922.25551469,26.67243697234428,7.882792273364213,93.4,54.111245683618016
1306894091.62,1.9156708,6.9046528,3164.95,-50.0,6.6,13.3,288556.94,-13990.0,-1.0,228.85634962852865,45514873.6513161,45514873.6513161,26.763304554249245,7.575850188529817,90.60000000000001,54.00541125667138
1306894091.83,1.915844,6.9049995,3163.54,-49.6,7.5,11.8,288568.28,-13950.65,-1.0,220.5464308292806,41436646.16265016,41436646.16265016,24.221709441976873,7.635373664291077,90.50000000000001,53.91543094171075
1306894092.25,1.9161612,6.9057221,3162.59,-48.6,9.4,8.7,288588.44,-13868.86,-1.0,226.1373752532214,42790292.25206405,42790292.25206405,25.73806159072135,7.397917005129267,88.9,53.84807201782624
1306894092.47,1.9163055,6.9061036,3163.16,-48.1,10.4,7.0,288597.25,-13825.79,-1.0,225.49134315194627,47277012.049443185,47277012.049443185,24.436804015756156,7.545082365914864,89.30000000000001,53.788345421150815
1306894093.12,1.9166451,6.9072454,3169.38,-46.6,13.5,2.2,288616.38,-13697.32,-1.0,225.74303645903063,53624279.10421979,53624279.10421979,24.762735594536373,7.519205970632703,90.4,53.74683842202571
1306894093.33,1.9167274,6.9076198,3172.92,-46.2,14.5,0.8,288620.34,-13655.33,-1.0,227.17904058007113,57624740.18650849,57624740.18650849,24.418881321441084,7.58099483554788,89.6,53.71453308519282
1306894093.76,1.9168517,6.9083818,3182.53,-45.2,16.6,357.6,288625.0,-13570.09,-1.0,225.3099543852952,58913906.79190346,58913906.79190346,25.120931980074282,7.429062128535531,90.7,53.705522805227815
1306894093.97,1.9168914,6.9087525,3188.41,-44.8,17.5,356.2,288625.66,-13528.73,-1.0,224.32570488046628,56230589.96705976,56230589.96705976,24.833102282565076,7.5137820757663105,91.4,53.70582901695135
1306894094.61,1.9169307,6.9098759,3211.31,-43.4,20.6,351.7,288621.16,-13403.74,-1.0,223.74142754435078,56682050.78209419,56682050.78209419,25.793244030388422,7.791323029241876,90.60000000000001,53.731535491142076
1306894095.05,1.9168898,6.9106286,3231.17,-42.5,23.0,348.7,288612.84,-13320.32,-1.0,220.37088910312426,58054754.10083861,58054754.10083861,26.40740335123405,7.560486362729314,91.60000000000001,53.77567591108958
1306894095.69,1.9167359,6.9117091,3266.76,-41.2,26.5,344.4,288593.41,-13201.03,-1.0,220.78072911428575,61368608.81591945,61368608.81591945,27.178347590119177,7.536491297559055,93.30000000000003,53.85361445002221
1306894095.9,1.9166615,6.9120595,3280.28,-40.8,27.7,342.9,288585.19,-13162.46,-1.0,221.8218389660189,68177853.5096746,68177853.5096746,29.196015586576927,7.270438387594716,91.70000000000002,53.94298234153577
1306894096.56,1.9163621,6.9131147,3327.7,-39.7,31.5,338.6,288554.44,-13046.68,-1.0,217.7922630680537,72495920.39614543,72495920.39614543,26.886826276505115,7.5832301887531885,93.30000000000001,54.06937888571775
1306894097.19,1.9159929,6.9140587,3380.07,-38.4,35.1,334.5,288518.91,-12943.58,-1.0,213.39280869456832,75845943.5785123,75845943.5785123,27.193290084994693,7.5441150674512105,91.19999999999999,54.235429848097446
1306894097.4,1.9158556,6.9143555,3398.84,-38.0,36.4,333.1,288506.06,-12911.27,-1.0,208.66081101810732,78190511.30862235,78190511.30862235,27.631328885100128,7.7998197810212275,89.5,54.411088203303045
1306894097.83,1.9155424,6.91496,3441.03,-37.3,39.0,330.3,288477.28,-12845.62,-1.0,213.19871882979774,81181287.91275227,81181287.91275227,28.74181949753904,7.878290993927608,90.80000000000001,54.616334266295176
1306894098.04,1.9153855,6.9152325,3462.02,-37.0,40.3,328.9,288463.06,-12816.09,-1.0,204.36891538740556,82194560.37839769,82194560.37839769,29.62684335063893,7.928361006104392,88.9,54.83029205282186
1306894098.68,1.9148627,6.9160337,3532.2,-36.0,44.2,324.7,288416.38,-12729.6,-1.0,206.66909587602248,85766926.2076925,85766926.2076925,29.319340112657525,7.803224377805832,86.2,55.093473373906725
1306894098.89,1.9146775,6.9162856,3557.34,-35.8,45.5,323.4,288400.06,-12702.51,-1.0,209.22064640051923,86986345.6786994,86986345.6786994,27.346860147452713,7.641423136473044,87.5,55.35836948064338
1306894099.31,1.914315,6.9167395,3607.29,-35.3,48.3,320.6,288368.41,-12653.82,-1.0,198.4207058847032,86043510.56108648,86043510.56108648,26.084549609939934,7.695774626023307,88.30000000000001,55.64630036428293
1306894099.53,1.9141151,6.9169707,3635.37,-35.1,49.8,319.1,288351.06,-12629.1,-1.0,202.58501781447433,83119871.04225583,83119871.04225583,24.561821400524376,8.035737544752479,86.9,55.928482122813115
1306894100.17,1.9135314,6.9175777,3720.17,-33.9,54.1,314.7,288300.88,-12564.46,-1.0,198.07070767429363,78096060.89961138,78096060.89961138,23.92763195317994,8.150679492951639,86.70000000000002,56.265230810477156
1306894100.38,1.9133461,6.9177514,3748.22,-33.5,55.5,313.2,288285.09,-12546.05,-1.0,189.33288597749234,69948440.5541722,69948440.5541722,25.67230297413624,7.854338543663065,84.00000000000001,56.58715119542904
1306894100.8,1.9129647,6.9180836,3808.12,-33.0,58.3,310.2,288252.75,-12510.98,-1.0,194.12353302568837,64192182.10313879,64192182.10313879,25.788943585172284,7.804706183933256,84.60000000000001,56.91483601607646
1306894101.01,1.9127823,6.9182309,3837.96,-32.8,59.6,308.8,288237.38,-12495.49,-1.0,186.970137595101,59006495.3083871,59006495.3083871,24.63037158413563,7.653915027626582,87.2,57.25099524617269
1306894101.65,1.912229,6.9186344,3934.47,-32.3,63.9,304.0,288190.97,-12453.32,-1.0,189.5025475116105,53294649.659046955,53294649.659046955,24.025684159627495,7.58749531363357,86.8,57.62873802832493
1306894102.07,1.9118964,6.9188461,3998.01,-32.3,66.7,300.7,288163.28,-12431.39,-1.0,181.31383889500387,51894581.95675606,51894581.95675606,24.840336925837743,7.621744482365559,87.10000000000001,58.03905408256815
1306894102.71,1.9114214,6.9191075,4099.01,-32.4,70.9,295.3,288124.03,-12404.63,-1.0,181.18036461954082,48509039.29164544,48509039.29164544,24.27002500739652,7.624024547604192,90.10000000000001,58.4729637501097
1306894102.92,1.9112764,6.9191771,4133.09,-32.6,72.4,293.3,288112.13,-12397.6,-1.0,180.78743961686666,44239945.578085825,44239945.578085825,24.181416888558672,7.76569182473481,89.4,58.91371724967225
1306894103.35,1.9110077,6.9192917,4201.84,-33.4,75.2,289.2,288090.16,-12386.15,-1.0,174.88088521465667,41330116.634547554,41330116.634547554,25.103234403588807,7.628842201513868,88.3,59.36886270024093
1306894103.56,1.9108852,6.919337,4236.29,-33.9,76.6,286.8,288080.19,-12381.71,-1.0,176.22762808245994,37137085.500021875,37137085.500021875,25.214110083984572,7.503656116171888,91.10000000000001,59.828884572506894
1306894104.2,1.9105638,6.9194301,4341.02,-37.1,80.7,278.8,288054.19,-12372.9,-1.0,172.41795069329908,32896360.50972836,32896360.50972836,24.562311846628678,7.462355197508995,92.9,60.30416344389797
1306894104.41,1.910475,6.9194472,4375.42,-38.3,82.0,275.9,288047.06,-12371.42,-1.0,169.83701216981103,31265073.973242607,31265073.973242607,23.876008652990848,7.684507980876234,95.20000000000002,60.78430342640016
1306894104.83,1.9103223,6.9194632,4444.66,-42.1,84.5,268.6,288034.91,-12370.37,-1.0,169.20085642930536,30103658.94918263,30103658.94918263,25.21258302309969,7.720484044064895,96.10000000000002,61.271593452646876
1306894105.05,1.9102584,6.9194626,4479.77,-44.9,85.8,264.0,288029.84,-12370.75,-1.0,162.58007773874922,30951185.10594417,30951185.10594417,25.565626530941962,7.6014828953601,95.60000000000002,61.76291781835117
1306894105.68,1.910125,6.9194306,4581.86,-58.0,89.1,245.9,288019.53,-12374.94,-1.0,163.67927908063638,33955363.343050085,33955363.343050085,26.263335882339284,7.610095221624442,97.2,62.25851383759876
1306894105.89,1.9100979,6.9194106,4616.29,-61.3,89.9,240.8,288017.53,-12377.3,-1.0,164.69810700352105,38660661.81957077,38660661.81957077,25.703191144162524,7.755644883490321,96.8,62.73182529866614
1306894106.31,1.9100723,6.9193593,4683.27,-21.3,91.1,242.7,288015.88,-12383.12,-1.0,159.90488472679147,41814057.61180557,41814057.61180557,26.140236060298484,7.67443523794225,96.9,63.17909345264689
1306894106.52,1.910073,6.9193285,4716.25,23.3,91.3,244.8,288016.13,-12386.54,-1.0,157.3789031341546,44417967.68431275,44417967.68431275,26.925479883882332,7.546685525708302,98.20000000000002,63.62551952438791
1306894107.17,1.9101316,6.9192137,4817.22,-118.2,90.3,255.8,288021.53,-12399.01,-1.0,155.8885174554966,46555542.75881996,46555542.75881996,27.227984628956182,7.643124754950569,97.30000000000001,64.09661095045966
1306894107.61,1.9102191,6.9191226,4883.86,-131.7,88.5,158.8,288029.03,-12408.71,-1.0,152.83286290984975,45302462.1125983,45302462.1125983,29.500090740898,7.4753475949774995,95.3,64.59234476498284
1306894108.25,1.9104125,6.9189767,4977.47,-143.5,85.0,142.9,288045.28,-12423.99,-1.0,149.03040835632027,45897727.38459174,45897727.38459174,29.190667127850084,7.672499132428289,95.00000000000001,65.07956589359176
1306894108.46,1.9104936,6.9189256,5007.68,-146.2,83.6,139.0,288052.03,-12429.28,-1.0,148.1198626351852,46763975.5776628,46763975.5776628,30.408541408400527,7.733973977787522,95.9,65.56357945439667
1306894108.88,1.9106759,6.918823,5065.47,-150.0,80.9,132.7,288067.13,-12439.81,-1.0,143.04004857574597,46226774.19250574,46226774.19250574,29.850093503585963,7.515372161148017,94.4,66.0388277046154
1306894109.09,1.9107794,6.9187703,5093.89,-151.4,79.5,130.2,288075.63,-12445.16,-1.0,142.18672629116097,47541208.1314883,47541208.1314883,27.934802207106536,7.531062524571608,94.30000000000001,66.50895456375801
1306894109.74,1.9111491,6.9186048,5179.05,-154.6,74.9,123.5,288105.94,-12461.78,-1.0,140.1486073713835,48231286.60559522,48231286.60559522,27.314126190323925,7.273616002274402,91.3,66.96612101170201
1306894109.96,1.9112903,6.9185487,5206.72,-155.4,73.3,121.7,288117.47,-12467.33,-1.0,137.4917544392393,47153711.2474538,47153711.2474538,27.792779058270263,7.179706005410096,90.7,67.41811248151828
1306894110.4,1.911595,6.9184377,5260.12,-156.6,70.0,118.4,288142.25,-12478.2,-1.0,135.14606536492167,47153509.1846954,47153509.1846954,28.03089236669013,7.232704220275771,90.4,67.85970806332054
1306894110.84,1.9119321,6.9183283,5311.32,-157.3,66.7,115.5,288169.59,-12488.74,-1.0,133.4290455443149,46738554.61445603,46738554.61445603,28.896342312759096,7.056553029666163,90.70000000000002,68.31525158912983
1306894111.06,1.9121099,6.9182753,5335.7,-157.6,65.0,114.2,288184.0,-12493.77,-1.0,130.37831102004,45354332.1492166,45354332.1492166,27.733584971903163,6.923544485384906,90.90000000000002,68.71216322517533
1306894111.69,1.9126598,6.9181288,5402.04,-158.3,60.1,110.8,288228.38,-12507.42,-1.0,128.51942711184574,45019053.829153515,45019053.829153515,27.057411072759457,7.113239827328488,91.4,69.10884520242817
1306894112.32,1.913269,6.9179919,5462.95,-158.8,54.9,107.8,288277.38,-12519.71,-1.0,126.21658146083703,43570115.65711304,43570115.65711304,28.570114729324555,7.128149677120147,89.50000000000001,69.48049437128206
1306894112.54,1.9134892,6.9179481,5482.35,-158.9,53.1,106.8,288295.06,-12523.52,-1.0,121.71873045130926,41423111.00606027,41423111.00606027,26.509543884222097,6.991092097333832,86.30000000000001,69.84386816830744
1306894113.18,1.9141776,6.9178278,5535.57,-158.9,47.6,104.2,288350.22,-12533.59,-1.0,122.43113454758235,40842503.94044061,40842503.94044061,26.892761893081058,7.253749568780341,86.60000000000002,70.20374349639141
1306894113.81,1.9148906,6.9177269,5580.6,-158.9,42.2,101.9,288407.16,-12541.38,-1.0,118.43716868761699,39092415.171684384,39092415.171684384,27.490959275156477,7.431578715594332,85.20000000000002,70.57633426629519
1306894114.02,1.9151445,6.9176962,5594.48,-159.4,40.3,101.1,288427.41,-12543.57,-1.0,120.45536704172511,36363539.3547026,36363539.3547026,26.490067440762388,7.57391571726023,84.5,70.89435810706509
1306894114.44,1.9156479,6.9176429,5619.02,-159.4,36.5,99.6,288467.5,-12547.08,-1.0,115.88026878184665,35361832.60345473,35361832.60345473,26.15001822839637,7.415156462320767,86.89999999999999,71.20998584109833
1306894114.86,1.9161882,6.917596,5641.27,-159.4,32.7,98.2,288510.47,-12549.69,-1.0,119.57464067830006,32852316.780051634,32852316.780051634,25.355656021401185,7.378042706154428,83.69999999999999,71.50176733716133
1306894115.08,1.9164655,6.917576,5651.16,-159.4,30.7,97.5,288532.5,-12550.59,-1.0,114.65375484096192,29438347.80155806,29438347.80155806,23.717809398091486,7.605886570515426,81.5,71.7619248174763
1306894115.71,1.9173045,6.9175309,5675.25,-159.2,24.9,95.6,288599.0,-12551.58,-1.0,117.6850170433692,27296447.347875193,27296447.347875193,25.942771629342882,7.87623134420549,83.3,72.02186029429168
1306894116.34,1.9181688,6.9175076,5691.51,-159.0,18.9,93.6,288667.41,-12550.02,-1.0,118.03526734599072,24046013.712771688,24046013.712771688,25.120408865647118,7.826925172522337,82.4,72.24345806332056
1306894116.55,1.9184648,6.9175049,5695.2,-158.9,17.1,92.9,288690.78,-12548.9,-1.0,119.80553107686299,20214626.480980583,20214626.480980583,23.981667308053307,7.784382784946046,81.7,72.42125224529781
1306894117.18,1.9193626,6.9175125,5700.8,-158.5,11.0,90.9,288761.59,-12543.75,-1.0,120.6755254600743,17960934.67101295,17960934.67101295,24.286319604085264,7.8595884217061505,83.9,72.58848212281313
1306894117.82,1.9202911,6.9175453,5697.98,-158.0,5.0,88.9,288834.66,-12535.65,-1.0,123.44427459455733,14975104.598133445,14975104.598133445,24.21555592719026,7.8133694907140905,86.1,72.71281173786123
1306894118.03,1.9206093,6.9175624,5695.05,-157.8,3.1,88.3,288859.66,-12532.23,-1.0,129.8914399545933,11623687.09646493,11623687.09646493,25.913072484653128,7.730726028443412,88.39999999999999,72.80042656725756
1306894118.69,1.9215839,6.9176336,5679.74,-157.1,-3.2,86.1,288936.09,-12519.64,-1.0,129.1278633258277,8866993.744734231,8866993.744734231,26.66626733511634,7.799622068786829,89.6,72.86569559612896
1306894119.33,1.9225386,6.917732,5655.4,-156.2,-9.1,83.9,289010.78,-12504.13,-1.0,135.2184814755402,5977745.473696639,5977745.473696639,25.832460571841494,7.730328298281018,90.3,72.89354555238441
1306894119.55,1.9228598,6.9177718,5645.06,-155.9,-11.2,83.0,289035.84,-12498.17,-1.0,136.66478982657017,4286461.031579438,4286461.031579438,26.165752859394516,7.771738445384995,92.4,72.8964469084649
1306894120.2,1.9238184,6.9179118,5607.38,-154.5,-17.2,80.5,289110.56,-12478.01,-1.0,143.18790300745562,5855155.54089179,5855155.54089179,28.046272530572526,7.5379842039222655,93.9,72.86293203532405
1306894120.83,1.9247341,6.9180782,5561.16,-153.1,-22.8,77.8,289181.72,-12455.12,-1.0,150.61804212539047,9643194.114185935,9643194.114185935,25.95480240814532,7.26598658372695,91.0,72.77559279647892
1306894121.04,1.9250393,6.9181416,5543.31,-152.5,-24.8,76.8,289205.38,-12446.62,-1.0,158.0880724489925,14863569.48718138,14863569.48718138,25.36814987573568,7.1555914473508375,91.10000000000001,72.66214135290937
1306894121.67,1.9259082,6.9183459,5484.93,-150.7,-30.3,73.8,289272.59,-12419.76,-1.0,159.03917826052543,21793720.828932323,21793720.828932323,26.24630527032801,7.099691874507046,91.2,72.50117350514033
1306894122.3,1.9267529,6.9185828,5415.67,-148.3,-35.8,70.2,289337.66,-12389.38,-1.0,169.8552955262561,27726731.052968793,27726731.052968793,25.69553765998165,6.857779162689749,90.7,72.28289813331182
1306894122.51,1.9270144,6.9186651,5391.25,-147.4,-37.5,68.9,289357.75,-12378.98,-1.0,170.05064860253336,33796034.95553877,33796034.95553877,25.482172627124477,6.993646507193311,88.60000000000001,72.04808732841241
1306894122.93,1.9275357,6.9188443,5337.54,-145.3,-41.1,66.1,289397.66,-12356.57,-1.0,179.47670108270992,40942023.54001193,40942023.54001193,25.181349967956173,6.904279102083135,89.2,71.77440294521033
1306894123.14,1.9277866,6.9189388,5308.94,-144.1,-42.9,64.5,289416.84,-12344.87,-1.0,184.58809402719822,46803802.97615724,46803802.97615724,24.833392277040822,6.72366925091602,90.9,71.49054467749379
1306894123.78,1.9284851,6.919237,5217.39,-139.5,-48.1,58.8,289469.97,-12308.38,-1.0,186.27444332634974,53168148.475572534,53168148.475572534,23.94997142517341,6.819143679056302,90.5,71.15523518493035
1306894123.99,1.9286961,6.9193399,5185.41,-137.8,-49.7,56.7,289485.91,-12295.94,-1.0,191.37367155028704,59472451.273926474,59472451.273926474,25.322272135159874,6.954437039706011,88.80000000000001,70.80335963812371
1306894124.42,1.9290999,6.9195598,5116.44,-133.3,-53.0,51.5,289516.28,-12269.57,-1.0,196.7525397185519,66209121.86338636,66209121.86338636,24.39943635454315,7.06963163736722,87.6,70.42753067924356
1306894124.63,1.9292812,6.9196709,5081.25,-130.9,-54.4,48.7,289529.84,-12256.35,-1.0,201.23000185278553,71454753.14106189,71454753.14106189,25.14290290506379,7.285799077954876,90.2,70.06014550863989
1306894125.27,1.929759,6.9200228,4968.55,-121.0,-59.0,37.7,289565.19,-12214.96,-1.0,206.28244213652255,77761705.3464296,77761705.3464296,25.111589615971862,7.257601525686585,91.4,69.62014988309308
1306894125.48,1.9298934,6.9201462,4928.58,-116.8,-60.3,33.0,289574.97,-12200.61,-1.0,217.96302963948548,82191325.50154993,82191325.50154993,25.24235331217632,7.336610584679947,93.8,69.19424765212196
1306894125.9,1.9301093,6.9203878,4849.67,-107.5,-62.3,22.9,289590.34,-12172.74,-1.0,212.8874006200972,91315852.0374477,91315852.0374477,26.73069468411176,7.476965927741865,94.5,68.76095806332056
1306894126.11,1.9301975,6.9205137,4808.2,-102.4,-63.0,17.5,289596.47,-12158.32,-1.0,221.16726422084477,96611366.46450286,96611366.46450286,25.07082887870318,7.273826778853136,94.4,68.3146161998035
1306894126.77,1.9303655,6.920908,4676.83,-83.8,-64.1,357.6,289607.06,-12113.72,-1.0,220.5804497321084,104202473.00509843,104202473.00509843,24.789059550538028,7.5536395521519815,94.20000000000002,67.8088233301622
1306894126.98,1.9303845,6.9210364,4633.54,-77.3,-64.0,350.7,289607.69,-12099.36,-1.0,226.60947601223467,110611600.26000786,110611600.26000786,24.97686271823585,7.546255391948368,94.10000000000002,67.2917848349741
1306894127.41,1.9303667,6.9213025,4543.14,-65.4,-63.2,338.2,289604.47,-12069.89,-1.0,230.3583346233551,112915666.81046619,112915666.81046619,24.77410794001388,7.690900851579708,91.2,66.77562669849115
1306894127.63,1.9303269,6.9214387,4496.54,-59.7,-62.4,332.2,289600.41,-12054.95,-1.0,232.01849389254383,113302225.36046779,113302225.36046779,22.981891983180972,7.4381001363882255,93.4,66.24827652351304
1306894128.29,1.9300758,6.921847,4355.83,-45.9,-59.4,317.3,289577.84,-12010.8,-1.0,234.43572832426656,111555676.63486096,111555676.63486096,21.317829154537705,7.395343005028389,92.60000000000001,65.66600727591899
1306894128.5,1.9299532,6.9219763,4310.95,-42.5,-58.0,313.3,289567.28,-11997.02,-1.0,237.0764227798576,107707946.05026476,107707946.05026476,22.231716066799873,7.249568992086239,91.60000000000001,65.0763200493223
1306894128.93,1.9296317,6.9222419,4218.09,-36.7,-55.2,306.6,289540.13,-11969.07,-1.0,241.72761154723037,100996561.2219744,100996561.2219744,21.811703369773973,7.463848167956698,89.7,64.50182092421295
1306894129.15,1.9294342,6.9223737,4171.58,-34.1,-53.6,303.7,289523.63,-11955.37,-1.0,239.93293111593061,97265233.47924502,97265233.47924502,20.833804357609953,7.512935826339281,88.30000000000001,63.92231523742379
1306894129.79,1.9287135,6.9227509,4037.05,-28.2,-48.4,296.4,289464.22,-11916.93,-1.0,244.04188748144188,88281844.06357644,88281844.06357644,18.86740653927883,7.34364955386833,87.40000000000002,63.300230810477146
1306894130.0,1.9284276,6.9228717,3993.45,-26.6,-46.5,294.3,289440.81,-11904.89,-1.0,248.4148389902372,83244965.83792646,83244965.83792646,20.6718658591981,7.549405560349191,86.40000000000002,62.6765158061027
1306894130.43,1.927792,6.9231031,3909.02,-24.0,-42.8,290.8,289389.09,-11882.24,-1.0,241.6436467017458,78008518.10283844,78008518.10283844,19.145336345053746,7.366163037104535,83.30000000000001,62.08873474748503
1306894130.64,1.9274431,6.9232132,3868.37,-22.9,-40.8,289.1,289360.81,-11871.69,-1.0,245.99066023318306,73304775.87458675,73304775.87458675,18.960483781325944,7.277512235678351,80.80000000000001,61.50297468624268
1306894131.28,1.9262796,6.9235175,3753.71,-20.2,-34.8,284.9,289266.94,-11843.47,-1.0,239.89045733048573,72960642.02308908,72960642.02308908,18.76926199478997,7.116415422802519,83.4,60.898642883967966
1306894131.71,1.9253862,6.9237023,3681.82,-18.9,-32.4,282.6,289195.19,-11827.23,-1.0,242.41266443661252,74616396.2014646,74616396.2014646,20.175303188165753,7.127690516100634,83.30000000000001,60.27495084547277
1306894132.37,1.9239513,6.9239439,3583.48,-18.4,-29.6,280.0,289080.31,-11807.28,-1.0,233.50718831810107,76501952.4925068,76501952.4925068,22.42403023208318,7.157059511991834,85.5,59.683694283792995
1306894132.58,1.9234611,6.9240141,3553.2,-18.2,-28.9,279.2,289041.16,-11801.85,-1.0,238.8057640042726,78100633.6428134,78100633.6428134,21.216107411404547,7.293324561110283,87.70000000000002,59.103614450022214
1306894133.01,1.9224702,6.9241397,3495.46,-17.5,-28.9,277.9,288962.09,-11792.64,-1.0,230.01144834859238,83002464.18467346,83002464.18467346,23.208702550300366,7.409584863086146,88.0,58.55042000557778
1306894133.45,1.9214202,6.9242557,3437.13,-17.2,-29.1,276.9,288878.44,-11784.8,-1.0,233.26921423776807,84034691.91360192,84034691.91360192,23.84804295698089,7.107335023162493,88.00000000000001,57.988177004702884
1306894133.66,1.9209206,6.9243061,3409.86,-17.0,-29.2,276.5,288838.66,-11781.6,-1.0,230.71699109870568,82816103.47619973,82816103.47619973,24.15845348405038,7.461450825664611,89.00000000000001,57.50804467749378
1306894134.29,1.9194148,6.9244426,3328.66,-17.1,-28.9,275.5,288718.91,-11773.65,-1.0,230.2521419546341,80963137.14053293,80963137.14053293,24.536011358758287,7.348451393029773,90.60000000000001,56.99912844827244
1306894134.92,1.9179096,6.9245552,3248.78,-17.1,-28.4,274.3,288599.38,-11768.37,-1.0,228.13252653604152,72491550.49411689,72491550.49411689,26.337426282329247,7.487968859152623,91.80000000000001,56.49369537740629
1306894135.13,1.9174082,6.9245873,3222.49,-17.1,-28.2,274.0,288559.56,-11767.21,-1.0,226.74524378215787,62885848.10538021,62885848.10538021,25.484980478946603,7.723033616474906,92.80000000000001,55.99925530741504
1306894135.76,1.9158979,6.9246667,3144.31,-17.2,-27.9,272.7,288439.84,-11765.63,-1.0,226.08913006032333,53641805.71369272,53641805.71369272,27.169370006946334,7.980219128068173,92.6,55.532741746610135
1306894136.41,1.9143629,6.9247204,3066.3,-17.2,-27.2,271.4,288318.34,-11767.02,-1.0,220.74650683645308,47667397.60368115,47667397.60368115,27.65563342600365,8.297878987965767,92.9,55.06154314643516
1306894136.62,1.9138533,6.924732,3040.79,-17.3,-27.0,271.0,288278.06,-11768.18,-1.0,225.28871562998802,42205451.84653027,42205451.84653027,27.127357850841314,8.23258807188908,93.3,54.64609804582274
1306894137.26,1.9123089,6.9247465,2964.78,-18.2,-26.2,269.5,288156.06,-11773.96,-1.0,222.55354889726786,44632917.32992389,44632917.32992389,26.625722538449583,8.154333618643946,90.2,54.19564528991722
1306894137.9,1.9107752,6.9247296,2891.41,-18.3,-25.4,268.1,288035.16,-11783.19,-1.0,218.5793095138325,45785090.34941168,45785090.34941168,24.608564366333276,8.042251324685479,90.69999999999999,53.7332273109146
1306894138.11,1.9102692,6.9247172,2867.72,-17.9,-24.6,267.7,287995.28,-11786.99,-1.0,218.3217957790259,48000054.29864769,48000054.29864769,23.71411306537036,8.280178619877002,90.2,53.29732726717007
1306894138.75,1.9087461,6.9246592,2799.07,-19.7,-23.2,266.1,287875.5,-11800.71,-1.0,213.04124025928976,50416975.096306495,50416975.096306495,24.400488134242167,8.082953224903378,90.5,52.82974962062588
1306894139.38,1.9072136,6.9245647,2733.31,-18.1,-22.4,264.5,287755.19,-11818.55,-1.0,214.90594319664405,50333360.22120043,50333360.22120043,22.526840618210382,8.20797965443831,92.3,52.37399174661014
1306894139.6,1.9067007,6.9245258,2711.92,-18.5,-22.1,264.0,287714.97,-11825.32,-1.0,204.36938568447354,48307679.105111316,48307679.105111316,21.00091633169128,7.948878414921861,94.0,51.96300968186823
1306894140.24,1.905158,6.9243852,2649.27,-20.8,-21.1,262.2,287594.16,-11848.32,-1.0,210.1182833233885,42287621.96397599,42287621.96397599,22.662534488819855,7.781094573645315,95.89999999999999,51.52419297145703
1306894140.88,1.9036176,6.9242058,2589.23,-19.1,-20.4,260.6,287473.81,-11875.62,-1.0,208.05422812410382,37404149.916279644,37404149.916279644,22.20367774896988,7.5451033575446385,94.5,51.09926296270813
1306894141.1,1.9031054,6.9241385,2569.76,-19.3,-20.6,260.1,287433.84,-11885.54,-1.0,200.2348606131422,31939349.636837542,31939349.636837542,20.25212681510246,7.448436715097533,95.50000000000001,50.71914703969851
1306894141.73,1.9016166,6.9239226,2513.72,-20.5,-19.4,258.7,287317.78,-11916.64,-1.0,203.1582543255302,25771468.55346173,25771468.55346173,20.267087092186713,7.528264725794527,95.60000000000001,50.31565950689011
1306894142.36,1.9001407,6.9236711,2460.15,-21.8,-17.4,256.6,287203.0,-11951.64,-1.0,200.48161286608698,23391069.67776289,23391069.67776289,20.297597803182764,7.527628146510375,97.70000000000002,49.929350451771995
1306894142.57,1.8996369,6.9235745,2442.59,-21.7,-16.6,255.9,287163.91,-11964.77,-1.0,204.5790988219865,23404966.749653876,23404966.749653876,23.105295587316412,7.473909157238162,99.90000000000002,49.58576558738004
1306894143.62,1.8972202,6.9230211,2365.48,-26.1,-12.2,251.5,286976.88,-12037.79,-1.0,194.8112467729939,24928649.74175497,24928649.74175497,22.873655463652135,7.386667209816212,99.7,49.20128614731005
1306894144.25,1.8958065,6.9226192,2326.93,-32.4,-9.3,249.2,286868.0,-12089.18,-1.0,188.8908887815917,28286964.550735354,28286964.550735354,22.21269811660687,7.28169376224678,97.0,48.83984913943604
1306894144.46,1.8953338,6.9224717,2315.4,-38.9,-7.8,248.0,286831.69,-12107.82,-1.0,189.30027078682755,34037108.917717375,34037108.917717375,22.730795646947428,7.212268510635939,94.5,48.51992678598022
1306894144.67,1.8948552,6.9223125,2304.47,-41.0,-6.9,246.8,286795.0,-12127.8,-1.0,192.33918941144626,35519456.385421686,35519456.385421686,23.632265435451014,7.409277872434872,93.7,48.20801186909483
1306894144.88,1.8943956,6.9221495,2294.64,-29.4,-7.0,245.7,286759.81,-12148.1,-1.0,185.17802123849833,37445781.14870903,37445781.14870903,24.28967084159241,7.610104407299661,93.60000000000001,47.93653221030218
1306894145.09,1.8939553,6.9219875,2285.78,-9.3,-6.8,245.2,286726.16,-12168.2,-1.0,177.16470020044764,34998829.89897083,34998829.89897083,24.921238557863077,7.545769512637525,92.4,47.704232341535786
1306894145.51,1.8930462,6.9216513,2269.47,21.7,-4.6,245.7,286656.66,-12209.88,-1.0,182.4707470667633,28604443.297162544,28604443.297162544,25.988909091485386,7.326277986193453,92.10000000000002,47.4743515453853
1306894145.72,1.8926026,6.9214922,2262.57,12.2,-4.4,246.2,286622.72,-12229.67,-1.0,175.83398897494936,24359163.34587582,24359163.34587582,27.0404962369877,7.213290527180841,90.90000000000002,47.28208885947104
1306894146.56,1.8908052,6.9208332,2240.09,-38.9,-4.4,244.0,286485.28,-12311.45,-1.0,177.84962369140501,16471908.65942542,16471908.65942542,27.900176714820308,7.225817770475908,91.90000000000002,47.1136264797685
1306894146.98,1.8899605,6.9204881,2231.88,-35.2,-1.3,242.6,286420.94,-12353.82,-1.0,169.0458969104558,11408796.440718006,11408796.440718006,25.93008536307466,7.314372006336746,88.9,46.95232179910358
1306894147.19,1.8895354,6.9203063,2228.14,-39.1,-0.6,241.9,286388.59,-12376.03,-1.0,171.83988301495455,8393262.078051498,8393262.078051498,27.64886914700429,7.136663970066919,90.7,46.84718400382799
1306894147.4,1.8891104,6.9201178,2224.68,-45.6,0.5,240.9,286356.31,-12399.0,-1.0,173.1373833921376,7845668.662732378,7845668.662732378,28.01261991762101,7.36125654395928,94.0,46.76890863199946
1306894148.03,1.8879115,6.9195342,2216.49,-52.3,1.3,237.6,286265.63,-12469.55,-1.0,165.73587966804809,9422817.793802273,9422817.793802273,27.726347199522948,7.212594045217044,95.30000000000001,46.693190128062454
1306894149.52,1.8853351,6.917967,2203.52,-52.3,1.3,229.9,286072.78,-12655.92,-1.0,161.0476877903867,13146098.203567684,13146098.203567684,27.647922489811847,7.284661366750121,95.19999999999999,46.61590994433542
1306894150.17,1.8843499,6.9172151,2199.74,-58.1,3.4,226.5,286000.06,-12744.14,-1.0,154.92281789247173,15702465.858741755,15702465.858741755,26.86152564393539,7.072030248920917,94.7,46.54326121292684
1306894150.38,1.8840452,6.91696,2198.67,-58.6,3.6,225.3,285977.72,-12773.93,-1.0,155.62012098595935,16486731.176078428,16486731.176078428,26.26664754770909,7.123221616593218,96.8,46.47657595483411
1306894150.59,1.8837608,6.9167108,2197.71,-58.9,3.7,224.2,285956.94,-12802.97,-1.0,148.03954457996187,19009791.92734959,19009791.92734959,24.543082757874945,7.305454567966763,93.4,46.42164157163201
1306894150.81,1.8834628,6.9164368,2196.74,-59.0,3.8,222.9,285935.25,-12834.82,-1.0,152.80714792706783,20396883.046506554,20396883.046506554,24.584369790961226,7.298871110039784,93.2,46.37124677723131
1306894151.03,1.8831765,6.9161602,2195.84,-59.0,3.8,221.7,285914.5,-12866.91,-1.0,151.0338200521817,24542300.07167726,24542300.07167726,23.348101683770974,7.294659276753814,89.60000000000001,46.337372105315296
1306894151.24,1.8829165,6.9158965,2195.04,-59.1,3.9,220.6,285895.75,-12897.44,-1.0,147.65035349457284,28717791.753064863,28717791.753064863,24.53275524814758,7.354887354760586,92.6,46.30917000557777
1306894151.45,1.8826655,6.9156296,2194.29,-59.2,4.0,219.5,285877.75,-12928.28,-1.0,146.80696136622163,29759506.13762063,29759506.13762063,23.567884420990328,7.3648224518323495,90.89999999999999,46.283256838473655
1306894151.66,1.8824228,6.9153584,2193.58,-59.4,4.1,218.2,285860.38,-12959.57,-1.0,146.9321118463848,29205879.675720893,29205879.675720893,25.192410594225464,7.411072697057396,87.60000000000001,46.25944887696884
1306894152.29,1.8817402,6.914513,2191.66,-59.4,4.1,214.8,285812.19,-13056.73,-1.0,148.16260147857034,28141647.31683021,28141647.31683021,26.677889966229415,7.4680208383141435,88.8,46.24044078423044
1306894152.92,1.881158,6.9136622,2190.09,-59.7,4.6,211.2,285771.94,-13154.02,-1.0,142.5201151334324,25825235.18657493,25825235.18657493,27.414123291428687,7.529463351339524,88.6,46.230159725612765
1306894153.14,1.8809753,6.9133608,2189.6,-59.7,4.6,210.0,285759.5,-13188.36,-1.0,141.08040792309782,24343294.687233876,24343294.687233876,28.305007443423673,7.5431907839865096,87.9,46.22239725842116
1306894153.35,1.8808069,6.9130644,2189.14,-59.8,4.7,208.9,285748.22,-13222.1,-1.0,144.30842243702998,25170925.86263331,25170925.86263331,29.457891719808757,7.782253312334178,88.8,46.21510176410795
1306894154.84,1.8799143,6.9109484,2186.61,-59.8,5.2,200.3,285691.91,-13461.4,-1.0,139.45918507635884,25980681.53257484,25980681.53257484,30.68446947318696,7.685533592385351,92.19999999999999,46.206604388779866
1306894155.05,1.879829,6.9106471,2186.33,-59.8,5.2,199.1,285687.22,-13495.28,-1.0,137.15964005761558,27124065.522527065,27124065.522527065,29.10208169431456,7.801848757083687,90.29999999999998,46.19863522867488
1306894155.26,1.8797526,6.9103407,2186.06,-59.8,5.3,197.8,285683.22,-13529.68,-1.0,139.1975377967185,28555268.339232635,28555268.339232635,29.54475316304842,7.9743853628842665,93.3,46.19114835203446
1306894156.32,1.8795202,6.9087956,2184.89,-59.8,5.3,191.6,285675.22,-13702.43,-1.0,137.5164526159388,30001028.157652684,30001028.157652684,27.55948777519337,7.8827017013220395,93.49999999999999,46.183378229549774
1306894156.54,1.8795032,6.9084801,2184.69,-59.7,5.4,190.3,285676.0,-13737.55,-1.0,134.27520210621717,29429936.84716911,29429936.84716911,28.193226276875848,8.148035629539692,94.10000000000001,46.176029148184945
1306894156.76,1.8794957,6.9081532,2184.47,-58.3,4.8,189.1,285677.59,-13773.9,-1.0,140.08409967795103,26570429.615362626,26570429.615362626,28.54590258504897,8.183123572050638,95.10000000000001,46.16905517618144
1306894157.83,1.8795532,6.9065579,2182.03,-38.6,4.8,186.0,285692.81,-13950.84,-1.0,140.92581100040567,25806844.192865632,25806844.192865632,27.22229129184609,8.11185112264611,92.30000000000001,46.16168312893734
1306894158.04,1.8795764,6.9062404,2181.21,-35.3,4.8,185.5,285696.78,-13986.01,-1.0,143.69954190530083,23918038.085697815,23918038.085697815,25.442132348592846,7.838408279114237,92.10000000000001,46.154885228674885
1306894158.25,1.8796023,6.9059316,2180.37,-32.3,4.8,185.1,285700.88,-14020.19,-1.0,139.14690533198808,22762563.882030815,22762563.882030815,25.560847675539947,8.01467608883738,93.70000000000002,46.14781939315432
1306894158.46,1.8796331,6.9056045,2179.45,-28.7,4.8,184.7,285705.5,-14056.37,-1.0,148.95647930013303,22951122.89010113,22951122.89010113,24.12290686018885,8.015949549272044,93.6,46.1404014141517
1306894158.67,1.879666,6.9052864,2178.54,-25.4,4.8,184.4,285710.22,-14091.56,-1.0,144.3963826008225,26341339.32842915,26341339.32842915,22.779290225721716,8.191334540777262,91.60000000000001,46.13422359262939
1306894159.09,1.8797386,6.9046556,2176.77,-18.7,1.9,183.8,285720.19,-14161.28,-1.0,143.07903281014262,26037667.548863433,26037667.548863433,22.311963816447562,8.143349258429843,93.5,46.12690513243691
1306894159.51,1.8798191,6.9040245,2175.09,-13.3,2.0,183.4,285730.75,-14231.01,-1.0,143.36661041280055,25439651.55096137,25439651.55096137,22.313401636633053,8.024211388163312,93.80000000000001,46.11850727591897
1306894159.73,1.8798638,6.9036922,2174.27,-10.8,2.1,183.2,285736.53,-14267.71,-1.0,144.3637613344557,25682982.634349562,25682982.634349562,25.23313098190233,7.928926894332953,90.70000000000002,46.11037735465913
1306894159.94,1.8799073,6.9033765,2173.54,-8.4,2.1,183.1,285742.06,-14302.58,-1.0,143.61582229699326,22831608.962972894,22831608.962972894,24.741016450862666,7.930842724461861,90.20000000000002,46.101841702865606
1306894160.15,1.8799518,6.9030502,2172.86,-6.4,2.2,183.3,285747.75,-14338.61,-1.0,149.17198626556157,19548798.655158658,19548798.655158658,22.721113685936807,7.752001049429522,89.10000000000002,46.092953907590015
1306894160.99,1.8801117,6.9017817,2170.77,-2.7,2.5,183.3,285768.88,-14478.75,-1.0,144.1283574290211,20703692.36467725,20703692.36467725,22.17552855767111,7.6912417321236,88.80000000000003,46.08433404757252
1306894161.2,1.8801489,6.9014768,2170.38,-2.5,2.5,183.3,285773.88,-14512.46,-1.0,137.66854758806386,22579523.824296575,22579523.824296575,22.279408297211813,7.6165264677281455,90.00000000000001,46.07604336515782
1306894161.41,1.8801888,6.9011491,2169.99,-2.2,2.6,183.3,285779.22,-14548.66,-1.0,149.6140331170168,19852979.14086716,19852979.14086716,20.238790537379415,7.567702349866025,86.4,46.0680971709321
1306894161.62,1.880226,6.9008441,2169.67,-1.8,2.6,183.3,285784.19,-14582.37,-1.0,137.6367491349081,26008194.40588306,26008194.40588306,19.848917859051294,7.202605982762628,87.2,46.06061029429168
1306894161.83,1.8802658,6.9005165,2169.35,-1.4,2.6,183.3,285789.53,-14618.57,-1.0,149.6102667661399,23817583.161982503,23817583.161982503,21.08816535813643,6.930854912117935,86.2,46.05357507994347
1306894162.04,1.8803046,6.9001979,2169.07,-1.1,2.7,183.3,285794.72,-14653.78,-1.0,144.84484180565477,24355681.833415512,24355681.833415512,21.960491543621664,7.052974698903861,85.39999999999999,46.04768050426543
1306894162.27,1.8803457,6.8998597,2168.8,-0.9,2.7,183.3,285800.22,-14691.15,-1.0,139.5981634764039,25978737.940155245,25978737.940155245,21.902150162314847,6.862095104411209,82.70000000000002,46.04286532491285
1306894162.49,1.8803865,6.899523,2168.56,-0.8,2.7,183.3,285805.69,-14728.36,-1.0,146.31383382505769,23588375.551720716,23588375.551720716,20.002711035433585,6.7243222773644575,82.4,46.038494152559394
1306894162.71,1.8804273,6.8991863,2168.33,-0.7,2.7,183.3,285811.19,-14765.57,-1.0,146.3396575561358,23058181.45238218,23058181.45238218,18.73300865987306,6.488869863016131,84.4,46.034505744860354
1306894162.92,1.8804646,6.8988783,2168.15,-0.6,2.7,183.3,285816.19,-14799.61,-1.0,139.20003100716423,24508820.61526924,24508820.61526924,19.29228078962428,6.424707532810452,87.90000000000002,46.03090010181573
1306894163.13,1.8805036,6.8985552,2167.98,-0.5,2.8,183.3,285821.44,-14835.32,-1.0,147.2324987250584,19688935.9426473,19688935.9426473,19.68400174987246,6.726142121043238,89.00000000000001,46.028764275044075
1306894163.34,1.8805419,6.8982381,2167.82,-0.4,2.8,183.9,285826.56,-14870.36,-1.0,143.9825033874811,19324172.8463934,19324172.8463934,20.965273457150182,6.890255900065144,89.50000000000001,46.02680452001346
1306894163.56,1.8805822,6.897903,2167.67,-0.3,2.8,183.9,285832.0,-14907.4,-1.0,145.52682318687275,21934047.80914906,21934047.80914906,20.671867376812422,6.833376742221124,93.4,46.02502849201696
1306894165.46,1.8809237,6.895045,2166.85,-0.3,2.9,183.9,285878.09,-15223.25,-1.0,143.34858284088372,18017700.694305155,18017700.694305155,22.767483744456207,6.836742938996932,93.10000000000002,46.02286969936605
1306894165.67,1.8809627,6.8947159,2166.79,-0.3,2.9,183.9,285883.38,-15259.63,-1.0,150.39921846752767,21586498.069658395,21586498.069658395,22.216301340629613,6.882928135370826,95.30000000000001,46.02090994433543
1306894166.72,1.8811487,6.8931383,2166.59,0.1,2.9,183.9,285908.63,-15433.99,-1.0,143.13160960096704,25817715.623775635,25817715.623775635,22.332260614723722,6.855334135144513,95.89999999999999,46.01901143164951
1306894168.21,1.8814116,6.8908876,2166.42,0.1,2.9,183.9,285944.47,-15682.77,-1.0,144.02552093825193,25625089.581896883,25625089.581896883,22.784153268740017,7.048502875403603,97.2,46.01718947189448
1306894168.84,1.8815215,6.8899381,2166.37,0.1,2.9,184.1,285959.5,-15787.71,-1.0,143.600565074579,28684189.738319356,28684189.738319356,22.909459578660808,7.3548975149276625,98.39999999999999,46.01551296270813
1306894170.96,1.8818887,6.8867322,2166.37,0.1,2.9,184.1,286009.97,-16142.1,-1.0,144.17417486946516,31241315.425938264,31241315.425938264,24.656012796907298,7.377097773039402,96.9,46.01401252526281
1306894171.4,1.8819631,6.8860757,2166.37,0.1,2.9,184.2,286020.22,-16214.68,-1.0,141.90706360148155,28218347.1297244,28218347.1297244,26.375682760654364,7.570802128333938,96.4,46.01264988309308
1306894173.54,1.8823248,6.882849,2166.37,0.1,2.9,184.2,286070.41,-16571.4,-1.0,143.64323706864963,25572310.710648704,25572310.710648704,28.114047296588417,7.405801434383572,97.30000000000001,46.011417380905854
1306894174.2,1.8824357,6.8818485,2166.37,0.1,2.9,184.3,286085.84,-16682.02,-1.0,144.52829121749636,22268581.089167673,22268581.089167673,27.338340099275175,7.363916080227293,96.90000000000002,46.010307363408046
1306894176.75,1.8828559,6.8780021,2166.37,0.1,2.9,184.4,286144.81,-17107.3,-1.0,143.66637055978717,19693465.605356954,19693465.605356954,27.623560239920074,7.520840699442142,94.8,46.009312175306555
1306894179.29,1.8832652,6.8741698,2166.37,0.1,2.9,184.5,286202.78,-17531.06,-1.0,143.66857423750358,17014956.65126749,17014956.65126749,24.7725806624863,7.889558025270145,93.0,46.008944721238315
1306894181.23,1.8835711,6.8712461,2166.37,0.1,2.9,184.5,286246.53,-17854.38,-1.0,143.44776991414895,17725873.119674418,17725873.119674418,25.661837354853724,8.147700492950822,90.8,46.0086231989286
1306894181.86,1.88367,6.8702898,2166.37,0.1,2.9,184.6,286260.75,-17960.16,-1.0,144.6763575694636,18233978.462025587,18233978.462025587,25.786993060734908,8.256634498396426,90.09999999999998,46.008454782480655
1306894186.33,1.8843498,6.8635493,2166.37,0.1,2.9,184.6,286359.59,-18705.69,-1.0,143.49317654141657,18786131.04110414,18786131.04110414,24.879037090022095,8.377790903780458,91.19999999999999,46.008416506015216
1306894191.19,1.8850541,6.8562257,2166.37,0.1,2.9,184.6,286464.28,-19515.9,-1.0,143.31962860430497,19159142.83153318,19159142.83153318,24.081320848001123,8.247804148743757,92.8,46.008416506015216
1306894191.61,1.8851133,6.8555925,2166.37,0.1,2.9,185.0,286473.22,-19585.96,-1.0,143.37412946837912,19583751.572403077,19583751.572403077,23.94563155315211,8.347663945688904,93.5,46.008416506015216
1306894193.93,1.8854357,6.8520906,2166.37,0.1,2.9,185.1,286522.13,-19973.43,-1.0,143.53996467477327,19594857.70165769,19594857.70165769,21.594128691749226,8.293318392076724,90.9,46.008416506015216
1306894195.83,1.8856929,6.8492298,2166.37,0.1,2.9,185.1,286561.63,-20290.0,-1.0,143.09937726516014,19506789.24087773,19506789.24087773,21.46513956263292,8.116576084424755,90.10000000000001,46.008416506015216
1306894198.35,1.8860257,6.845429,2166.37,0.1,2.9,185.1,286613.38,-20710.63,-1.0,143.35389828753284,19363905.504620854,19363905.504620854,23.28712388752019,8.165300500198322,86.60000000000001,46.008416506015216
1306894200.67,1.8863231,6.8419302,2166.37,0.1,2.9,185.1,286660.31,-21097.88,-1.0,143.30488712925344,19229894.012285233,19229894.012285233,23.37967059978926,8.240729323658618,88.1,46.008416506015216
1306894202.78,1.886586,6.8387483,2166.37,0.1,2.9,185.1,286702.38,-21450.09,-1.0,143.26389291444892,19084323.51080377,19084323.51080377,23.70351041854411,8.171250801847375,86.79999999999998,46.008416506015216
1306894203.42,1.8866638,6.8377903,2166.37,0.1,2.9,185.5,286714.94,-21556.15,-1.0,142.02374694583364,18900302.402620766,18900302.402620766,23.016428794432063,8.110725942174781,88.2,46.008416506015216
1306894205.12,1.886868,6.8352341,2166.37,0.1,2.9,185.5,286748.22,-21839.13,-1.0,142.74662198269493,18736385.702067684,18736385.702067684,23.950653769520247,8.170610510787208,88.9,46.008416506015216
1306894205.54,1.8869176,6.834603,2166.37,0.1,2.9,185.6,286756.34,-21909.0,-1.0,142.60767950812271,18588966.3256107,18588966.3256107,24.314886920123183,8.059983526403288,86.1,46.008416506015216
1306894209.57,1.887381,6.8285267,2166.37,0.1,2.9,185.6,286833.69,-22581.79,-1.0,143.1667932393705,18395494.591139834,18395494.591139834,25.351865604659444,7.891960618205666,86.1,46.008416506015216
1306894212.33,1.8876822,6.82437,2166.37,0.1,2.9,185.9,286885.31,-23042.1,-1.0,142.92661948975302,18231309.50917878,18231309.50917878,23.949060268090214,7.9551574830676195,87.6,46.008416506015216
1306894214.02,1.8878601,6.8218262,2166.37,0.1,2.9,185.9,286916.44,-23323.84,-1.0,142.8155436406778,18244362.732101306,18244362.732101306,24.3101868362492,7.695388673487338,89.60000000000001,46.008416506015216
1306894214.44,1.8879033,6.8211986,2166.37,0.1,2.9,186.0,286924.03,-23393.36,-1.0,141.5903280954345,18376872.325389273,18376872.325389273,23.481539551548074,8.038798167103021,89.0,46.008416506015216
1306894216.13,1.8880755,6.8186477,2166.37,0.1,2.9,186.0,286954.75,-23675.9,-1.0,143.2472163533277,18267852.36741166,18267852.36741166,23.363358880567837,8.053937417923313,91.2,46.008416506015216
1306894218.26,1.8882842,6.8154517,2166.37,0.1,2.9,186.0,286992.66,-24029.94,-1.0,142.2342719025566,18262893.571539387,18262893.571539387,23.741726167357452,7.951195661999756,88.2,46.008416506015216
1306894220.39,1.8884858,6.8122428,2166.37,0.1,2.9,186.0,287030.06,-24385.45,-1.0,142.88204148257557,18202642.671008702,18202642.671008702,24.226300968862095,7.976457098163532,90.2,46.008416506015216
1306894222.83,1.8887062,6.8085758,2166.37,0.1,2.9,186.4,287072.06,-24791.75,-1.0,142.44669941043827,18007539.62617766,18007539.62617766,24.99473052907477,7.999862684195975,89.3,46.008416506015216
1306894224.35,1.8888381,6.8062915,2166.37,0.1,2.9,186.4,287097.78,-25044.87,-1.0,142.4150862111458,18080995.210532963,18080995.210532963,22.25331742089336,7.69697739851572,87.69999999999999,46.008416506015216
1306894226.89,1.8890492,6.802471,2166.37,0.1,2.9,186.6,287140.06,-25468.27,-1.0,142.54153458349575,18286562.24087108,18286562.24087108,23.5904411894453,7.534093527656348,89.4,46.008416506015216
1306894228.36,1.8891664,6.8002523,2166.37,0.1,2.9,186.6,287164.19,-25714.18,-1.0,143.09695996200534,18470704.449565947,18470704.449565947,23.228057528083465,7.53967435736482,90.1,46.008416506015216
1306894230.47,1.8893262,6.7970931,2166.37,0.1,2.9,186.6,287197.97,-26064.36,-1.0,141.73048215173827,18712245.437725976,18712245.437725976,24.681421097987833,7.59412116419185,87.2,46.008416506015216
1306894232.81,1.8894945,6.793574,2166.37,0.1,2.9,186.9,287234.84,-26454.48,-1.0,142.4456889187848,18871236.003518533,18871236.003518533,24.459511396821355,7.659310678329452,85.50000000000001,46.008416506015216
1306894234.71,1.8896232,6.7907198,2166.37,0.1,2.9,187.0,287264.16,-26770.93,-1.0,142.23905483013098,18824978.006294936,18824978.006294936,25.284598774217145,7.6467359539558295,85.0,46.008416506015216
1306894236.21,1.8897199,6.7884683,2166.37,0.1,2.9,187.0,287286.88,-27020.58,-1.0,142.0838470206467,18856418.81074787,18856418.81074787,25.252839657073807,7.5615442854580515,84.60000000000001,46.008416506015216
1306894238.11,1.8898361,6.7856151,2166.37,0.1,2.9,187.0,287315.16,-27336.97,-1.0,142.13733992892108,18779576.402105477,18779576.402105477,26.996412655733707,7.414617829061114,87.5,46.008416506015216
1306894238.53,1.8898608,6.784986,2166.37,0.1,2.9,187.2,287321.31,-27406.74,-1.0,141.70806405338794,18754253.5295444,18754253.5295444,28.24146647621947,7.148017605102288,87.2,46.008416506015216
1306894240.0,1.889945,6.7827701,2166.37,0.1,2.9,187.2,287342.81,-27652.5,-1.0,142.76225172697454,18661876.853977177,18661876.853977177,27.227473714754307,7.063650304442654,86.60000000000001,46.008416506015216
1306894244.03,1.8901524,6.7767264,2166.37,0.1,2.9,187.5,287399.69,-28322.88,-1.0,141.86938867950354,18618829.065327536,18618829.065327536,29.725737864847595,7.334415823055023,89.0,46.008416506015216
1306894245.52,1.8902206,6.7744954,2166.37,0.1,2.9,187.5,287420.03,-28570.38,-1.0,141.57550008562797,18578895.21149504,18578895.21149504,28.75223575025627,7.356954420935118,86.9,46.008416506015216
1306894247.21,1.8902926,6.7719605,2166.37,0.1,2.9,187.5,287442.69,-28851.64,-1.0,141.8633966104187,18570464.47803746,18570464.47803746,29.883275614051325,7.324466202714221,86.70000000000002,46.008416506015216
1306894247.64,1.8903101,6.7713126,2166.37,0.1,2.9,187.7,287448.41,-28923.53,-1.0,142.6059777941076,18595421.65647061,18595421.65647061,28.472331666766078,7.1868415969570805,88.20000000000002,46.008416506015216
1306894249.55,1.8903826,6.7684499,2166.37,0.1,2.9,187.8,287473.31,-29241.18,-1.0,141.7041883385233,18821659.132309634,18821659.132309634,29.568451871230817,7.430682570225638,90.80000000000001,46.008416506015216
1306894251.24,1.8904403,6.7659163,2166.37,0.1,2.9,187.9,287494.84,-29522.35,-1.0,141.73406073480993,18947734.363835696,18947734.363835696,29.794998787735917,7.279176736715355,93.8,46.008416506015216
1306894252.92,1.8904917,6.7633983,2166.37,0.1,2.6,188.0,287515.75,-29801.82,-1.0,141.6800590949511,19107335.480732217,19107335.480732217,29.32749624960802,7.457119684444776,94.2,46.008416506015216
1306894253.57,1.8905101,6.7624182,2164.65,0.1,-3.8,188.0,287523.78,-29910.61,-1.0,142.70646750529335,19274120.747283746,19274120.747283746,26.805604954370132,7.366975866726483,94.8,46.00709979560401
1306894253.79,1.890516,6.7620932,2162.89,0.1,-4.5,188.0,287526.41,-29946.68,-1.0,139.47364715519637,19329441.53420103,19329441.53420103,26.782850035216185,7.663576710596935,94.4,46.00443575360926
1306894254.43,1.8905332,6.7611341,2154.33,0.1,-4.5,188.0,287534.19,-30053.15,-1.0,142.28657905550912,18051984.879485525,18051984.879485525,26.15458411316962,7.579120242115434,95.9,45.995218780730866
1306894255.06,1.8905491,6.7601915,2143.25,0.1,-3.8,188.0,287541.75,-30157.78,-1.0,142.45128195767688,17105091.51719191,17105091.51719191,26.54985245323304,7.4383033839372406,93.39999999999999,45.97751974311057
1306894255.27,1.8905541,6.7598801,2139.38,0.1,-3.6,188.0,287544.25,-30192.35,-1.0,141.10781609720812,16116255.103190366,16116255.103190366,27.138184343447723,7.347849858939456,97.2,45.956858107065074
1306894255.9,1.8905685,6.7589392,2127.64,0.1,-3.1,188.0,287551.66,-30296.8,-1.0,142.2775965077153,14443910.278376978,14443910.278376978,25.63945955080916,7.537432282443812,95.9,45.92720915693384
1306894256.55,1.8905822,6.757961,2115.77,0.1,-2.7,188.0,287559.31,-30405.4,-1.0,143.49569334369076,14230533.541398237,14230533.541398237,26.92532362168801,7.600209308470944,95.2,45.88847337390672
1306894256.76,1.8905864,6.7576397,2111.99,0.1,-2.6,188.0,287561.78,-30441.07,-1.0,146.20561604503192,15110517.778041573,15110517.778041573,25.266152736003008,7.4657748987365995,93.2,45.8468438900922
1306894257.39,1.8905982,6.7566964,2101.3,0.1,-2.3,188.0,287569.03,-30545.81,-1.0,142.4970765355456,16859922.62370607,16859922.62370607,24.619405408081864,7.393705509164187,93.30000000000001,45.79703089796622
1306894258.02,1.8906089,6.755748,2091.16,0.1,-1.9,188.3,287576.22,-30651.11,-1.0,143.2646334388009,18743383.60115386,18743383.60115386,22.554685376196762,7.191373136003232,91.9,45.73945543864863
1306894258.23,1.8906123,6.7554323,2087.93,0.1,-1.8,188.3,287578.63,-30686.16,-1.0,142.95708290923278,21345566.00856308,21345566.00856308,22.537410464583502,7.257463805288376,91.70000000000002,45.6807240300747
1306894258.65,1.8906187,6.7548054,2081.71,0.1,-1.6,188.3,287583.31,-30755.77,-1.0,141.7086246777285,22283795.74143834,22283795.74143834,20.528322637217656,6.896174992438767,92.0,45.61857836078336
1306894258.86,1.8906218,6.7544912,2078.7,0.1,-1.5,188.3,287585.66,-30790.65,-1.0,142.01812715660375,21949912.087613538,21949912.087613538,22.10216984059252,7.0236960912752195,92.5,45.56068137915606
1306894259.49,1.8906304,6.7535429,2070.03,0.1,-1.1,188.3,287592.69,-30895.96,-1.0,143.01133356101872,21006117.27269128,21006117.27269128,20.696221634592273,7.1725504624275835,91.9,45.50462932316306
1306894259.7,1.8906332,6.7532213,2067.24,0.1,-1.0,188.4,287595.06,-30931.67,-1.0,145.84117987351985,19962373.824184366,19962373.824184366,21.354495900353136,7.380072751741526,90.8,45.44940403882361
1306894260.12,1.8906383,6.7525935,2061.99,0.1,-0.8,188.4,287599.66,-31001.39,-1.0,141.72648659805222,20229665.628632687,20229665.628632687,23.078525616260805,7.4639370363667235,92.30000000000001,45.399147039698505
1306894260.33,1.8906407,6.7522797,2059.47,0.1,-0.7,188.4,287601.97,-31036.23,-1.0,141.5934923068468,20204744.914357845,20204744.914357845,23.025101874222862,7.426158747808731,92.10000000000001,45.356047739611014
1306894260.75,1.8906453,6.7516542,2054.67,0.1,-0.4,188.4,287606.5,-31105.69,-1.0,141.0054366638917,21409993.6142996,21409993.6142996,23.1231398593167,7.446335005994286,91.39999999999999,45.31216759962851
1306894261.17,1.89065,6.7510229,2050.1,0.1,-0.2,188.5,287611.09,-31175.8,-1.0,142.51168074124726,21742659.235671874,21742659.235671874,21.583621739888404,7.534602059032402,91.10000000000002,45.272972499016085
1306894261.39,1.8906524,6.7506948,2047.84,0.1,-0.1,188.5,287613.5,-31212.24,-1.0,141.18670320842185,21142018.20602844,21142018.20602844,23.739186852422176,7.769007734087003,93.80000000000001,45.239809769357294
1306894262.03,1.89066,6.7497469,2041.76,0.1,0.4,188.5,287620.44,-31317.5,-1.0,139.9624823668731,19534839.492165275,19534839.492165275,24.57148224331645,7.757037781574374,92.70000000000002,45.20446528116832
1306894262.24,1.8906628,6.7494287,2039.87,0.1,0.5,188.5,287622.78,-31352.84,-1.0,143.74941233972342,18340631.45863373,18340631.45863373,25.38349106380761,7.954240070229427,92.60000000000001,45.172435534886596
1306894262.66,1.8906686,6.7488193,2036.46,0.1,0.8,188.5,287627.31,-31420.51,-1.0,136.5428339975923,18978823.697631065,18978823.697631065,25.187689704355833,7.9931627531079235,92.70000000000002,45.14009957688135
1306894262.87,1.8906718,6.7485149,2034.86,0.1,0.9,188.6,287629.63,-31454.31,-1.0,136.37565148511158,18143533.146260217,18143533.146260217,25.1989941114835,7.719098888856272,94.90000000000002,45.11317591108957
1306894263.5,1.8906822,6.7476001,2030.48,0.1,1.4,188.6,287636.56,-31555.88,-1.0,136.60294007219395,18539802.87047022,18539802.87047022,24.45636992914594,7.7080084402482,92.50000000000001,45.08503505369675
1306894263.71,1.8906859,6.7473004,2029.2,0.1,1.5,188.6,287638.84,-31589.15,-1.0,133.77150540807384,18754583.8420859,18754583.8420859,24.952365274477415,7.444400283132191,89.40000000000002,45.05993334766
1306894264.13,1.8906939,6.746699,2026.83,0.1,1.9,188.6,287643.53,-31655.92,-1.0,134.32839564264543,16398960.112048335,16398960.112048335,25.450346743919518,7.408445018155194,89.30000000000001,45.03494647101959
1306894264.34,1.8906981,6.7464085,2025.8,0.1,2.1,188.7,287645.78,-31688.16,-1.0,128.83391834866157,13782130.610665303,13782130.610665303,26.968902054763895,7.333123494719853,89.80000000000001,45.01284563987348
1306894264.97,1.8907116,6.7455245,2023.14,0.1,2.6,188.7,287652.78,-31786.3,-1.0,131.092023444164,10927462.298875326,10927462.298875326,27.065204517802783,7.253993242403907,87.8,44.992206969707254
1306894265.39,1.8907217,6.7449278,2021.77,0.1,3.0,188.7,287657.56,-31852.54,-1.0,133.01839037092168,7887984.515986813,7887984.515986813,26.535680300761655,6.991790954902913,87.4,44.972249620625874
1306894266.02,1.8907375,6.7440715,2019.72,0.1,-0.9,188.8,287664.53,-31947.59,-1.0,126.18610497313594,6088871.986840512,6088871.986840512,27.890366562642374,6.899141947030154,86.2,44.95537735465912
1306894266.23,1.8907433,6.7437736,2018.48,0.1,-1.5,188.8,287667.0,-31980.65,-1.0,132.86787090329452,5969267.443680425,5969267.443680425,27.4394085321557,7.038522238574732,85.80000000000001,44.93900268274312
1306894266.65,1.8907547,6.7432153,2015.23,0.1,-2.3,188.8,287671.63,-32042.62,-1.0,123.07930175146689,8814120.185884183,8814120.185884183,27.246890346106884,6.8459293497877995,86.20000000000002,44.92275049551653
1306894266.86,1.8907608,6.7429302,2013.14,0.2,-2.6,188.8,287674.03,-32074.26,-1.0,126.37340616739192,11591891.293519905,11591891.293519905,27.68369347440666,7.069585611799626,87.10000000000002,44.906123198928604
1306894267.5,1.89078,6.7420663,2005.25,0.2,-3.2,188.9,287681.31,-32170.13,-1.0,161.08039630534023,14839701.708178999,14839701.708178999,28.334812633333197,7.158114832458896,89.1,44.886808894466654
1306894267.72,1.8907867,6.7417732,2002.13,0.2,-3.3,188.9,287683.81,-32202.66,-1.0,159.31492575101134,18117215.104896262,18117215.104896262,26.44475263208159,7.3143550150760674,88.9,44.86608601607645
1306894268.14,1.8908,6.7412137,1995.69,0.2,-3.5,188.9,287688.63,-32264.75,-1.0,159.40232345278997,19814656.09412153,19814656.09412153,24.15960314446255,7.259222877994528,91.0,44.84224743339928
1306894268.98,1.8908275,6.7401097,1981.62,0.1,-3.5,188.9,287698.19,-32387.25,-1.0,157.55625897844484,19536104.852682646,19536104.852682646,24.587935630302503,7.127644960719507,93.2,44.808426348534894
1306894270.04,1.8908634,6.7387425,1962.86,0.1,-3.3,188.9,287710.16,-32538.96,-1.0,154.97093870085797,20655507.869822353,20655507.869822353,24.69232946313433,7.155538993351257,92.7,44.76228024179824
1306894270.25,1.8908709,6.7384655,1959.0,0.1,-3.2,188.9,287712.63,-32569.7,-1.0,158.3164329560482,20908246.620477267,20908246.620477267,25.67972250538207,7.207190881559597,91.19999999999999,44.71422796708258
1306894270.67,1.8908857,6.7379276,1951.53,0.1,-3.0,189.1,287717.38,-32629.38,-1.0,153.96704093759737,21935231.401879482,21935231.401879482,24.526614871820318,7.552520327343416,90.8,44.66202652351302
1306894270.88,1.8908933,6.7376551,1947.77,0.1,-2.9,189.1,287719.81,-32659.61,-1.0,155.84226543363474,24533149.966318615,24533149.966318615,24.30240330362181,7.3626744244274835,91.3,44.60789594608519
1306894271.51,1.8909158,6.7368608,1936.96,0.1,-2.5,189.1,287726.91,-32747.75,-1.0,151.72624594950827,25715783.986873187,25715783.986873187,25.189260723871982,7.303827389059035,91.4,44.54797796708257
1306894271.94,1.8909315,6.7363167,1929.76,0.1,-2.2,189.1,287731.81,-32808.12,-1.0,152.1775550493014,27150712.70352811,27150712.70352811,25.735582891278145,7.094348568806307,90.30000000000001,44.4841481333118
1306894272.57,1.8909551,6.7355206,1919.59,0.1,-1.8,189.1,287739.0,-32896.44,-1.0,151.91168680368077,27403248.966270253,27403248.966270253,26.34613566483347,6.991510324401459,90.10000000000001,44.418572892716874
1306894272.79,1.8909633,6.7352478,1916.23,0.1,-1.6,189.1,287741.47,-32926.7,-1.0,149.18513854869985,26316397.370775387,26316397.370775387,28.300835713414187,7.110181253556039,91.1,44.35281392508783
1306894273.22,1.8909797,6.7347142,1909.82,0.1,-1.3,189.1,287746.34,-32985.89,-1.0,149.2627464688661,24297279.809679843,24297279.809679843,29.6576401903982,7.270802641377321,89.5,44.287077923338046
1306894273.67,1.8909971,6.734155,1903.39,0.1,-1.0,189.3,287751.44,-33047.93,-1.0,149.41647094240327,21848870.04752615,21848870.04752615,29.423611585108112,7.384010201280756,85.80000000000001,44.227190565507776
1306894273.88,1.8910054,6.7338932,1900.48,0.1,-0.8,189.3,287753.88,-33076.97,-1.0,149.8201276881223,19690014.59706802,19690014.59706802,29.902237455635156,7.593052073486291,85.2,44.17943684722256
1306894274.51,1.8910305,6.7331181,1892.24,0.1,-0.4,189.3,287761.03,-33162.96,-1.0,147.9453018653361,19129538.54645489,19129538.54645489,29.191270757894902,7.608771363936211,87.10000000000001,44.12833011056464
1306894274.93,1.8910475,6.7326044,1887.11,0.1,-0.1,189.3,287765.81,-33219.94,-1.0,147.0564345586321,18506115.74292209,18506115.74292209,28.736061734056808,7.387030443892227,89.60000000000001,44.0790147124894
1306894275.56,1.8910736,6.7318399,1879.96,0.1,0.4,189.3,287773.0,-33304.74,-1.0,145.935989580663,19610084.82984477,19610084.82984477,28.748694586472926,7.609717551013761,89.40000000000002,44.0271041700572
1306894275.77,1.8910822,6.7315929,1877.78,0.1,0.5,189.3,287775.34,-33332.14,-1.0,141.74221802482407,19935445.28729302,19935445.28729302,26.618902166296177,7.600243982997483,89.80000000000001,43.98180014556027
1306894276.19,1.8911001,6.7310879,1873.49,0.1,0.8,189.3,287780.13,-33388.15,-1.0,144.61521834114438,18444425.16617602,18444425.16617602,25.05226145969623,7.713542789440515,88.8,43.93872381135205
1306894276.4,1.8911093,6.7308348,1871.43,0.1,1.0,189.3,287782.56,-33416.23,-1.0,144.95917748502163,17537718.806365952,17537718.806365952,24.27762371834352,7.7160700725447,90.5,43.90185591983849
1306894277.03,1.8911372,6.730081,1865.67,0.1,1.4,189.3,287789.81,-33499.83,-1.0,143.90084320789194,16133076.202031827,16133076.202031827,24.21967959405695,7.610897842914271,92.10000000000002,43.863150757983725
1306894277.24,1.8911464,6.729838,1863.92,0.1,1.5,189.3,287792.16,-33526.78,-1.0,139.48531286873802,14925329.005477713,14925329.005477713,23.55913589969462,7.500158016189888,92.4,43.82801296270813
1306894277.66,1.8911653,6.7293495,1860.57,0.1,1.7,189.3,287796.91,-33580.96,-1.0,140.13897117767544,13861241.851581654,13861241.851581654,22.714436691712653,7.737344504658331,94.80000000000001,43.79523299770375
1306894277.87,1.8911752,6.729097,1858.92,0.1,1.9,189.3,287799.41,-33608.95,-1.0,144.45084984712634,14197578.072474357,14197578.072474357,22.714129327974952,7.50915814664869,96.9,43.763417599628504
1306894278.53,1.8912059,6.7283365,1854.28,0.1,2.2,189.3,287806.91,-33693.29,-1.0,138.8908789908516,15330894.331529852,15330894.331529852,21.26903913831059,7.69918798156195,93.60000000000001,43.73435810706507
1306894278.74,1.8912162,6.7280898,1852.87,0.1,2.3,189.3,287809.38,-33720.65,-1.0,141.39885172513937,15570232.202792317,15570232.202792317,23.185337826779573,7.618085534277631,93.2,43.70814638353051
1306894279.18,1.8912377,6.7275815,1850.13,0.1,2.6,189.3,287814.47,-33777.01,-1.0,139.17598952239354,18504294.88205798,18504294.88205798,24.200557427155356,7.602393802803594,94.7,43.68531064424793
1306894279.39,1.8912479,6.7273452,1848.92,0.1,2.7,189.7,287816.88,-33803.21,-1.0,135.8405082950367,21005514.004999943,21005514.004999943,24.573835360123585,7.594313143427463,92.0,43.663217468394905
1306894280.03,1.8912798,6.7266253,1845.49,0.1,3.0,189.7,287824.22,-33883.03,-1.0,135.78039337653047,20943927.649590384,20943927.649590384,26.429131469973623,7.652479635958527,91.0,43.64178264774749
1306894280.45,1.8913015,6.7261509,1843.43,0.1,3.2,189.7,287829.09,-33935.62,-1.0,136.26950829701372,19941410.583845023,19941410.583845023,26.425013447168034,7.520507336394033,91.0,43.620347827100076
1306894281.08,1.8913349,6.7254456,1840.64,0.1,3.4,189.7,287836.47,-34013.82,-1.0,135.18728620795895,18597524.649602424,18597524.649602424,26.193523276099306,7.532584680721756,90.2,43.601186628499896
1306894281.29,1.8913462,6.7252132,1839.78,0.1,3.5,189.7,287838.91,-34039.57,-1.0,133.66859779840672,14777377.180619994,14777377.180619994,25.78402739271008,7.484532425624783,90.5,43.582706750984585
1306894281.71,1.8913692,6.7247498,1838.18,0.1,3.7,189.7,287843.84,-34090.94,-1.0,133.36672442587786,12143970.068954077,12143970.068954077,27.406896183159287,7.305690027402803,91.5,43.565566549759744
1306894281.92,1.8913808,6.7245199,1837.43,0.1,3.8,189.7,287846.28,-34116.42,-1.0,132.37707649245917,12507307.431221966,12507307.431221966,27.348549307607925,7.399715680391675,90.30000000000001,43.54911532491285
1306894282.55,1.8914162,6.7238361,1835.35,0.1,4.0,189.7,287853.69,-34192.21,-1.0,131.3627663924195,11756157.809332496,11756157.809332496,28.07526059707944,7.335764741009088,94.00000000000001,43.53462385509658
1306894282.76,1.891428,6.7236137,1834.73,0.1,4.1,189.7,287856.09,-34216.87,-1.0,128.4628888300938,11916613.568779992,11916613.568779992,25.71791055618369,7.507503567272209,93.80000000000001,43.52073715343428
1306894283.18,1.8914522,6.7231604,1833.54,0.1,4.2,189.7,287861.06,-34267.11,-1.0,130.68284876368764,11340929.030530129,11340929.030530129,25.80407208486868,7.228091259589483,91.4,43.50803702220068
1306894283.39,1.8914645,6.7229289,1832.96,0.1,4.2,189.7,287863.56,-34292.76,-1.0,133.1950669708675,10519547.789092483,10519547.789092483,27.286057593383934,7.490647412523619,93.39999999999999,43.49581917443165
1306894284.02,1.8914995,6.722255,1831.42,0.1,4.4,189.7,287870.84,-34367.45,-1.0,129.58614663446042,11078097.614816844,11078097.614816844,26.2583551674384,7.253905517733741,97.3,43.48504817705633
1306894284.65,1.8915341,6.7215769,1830.06,0.1,4.5,189.7,287878.13,-34442.62,-1.0,130.33931807957458,11823376.21058404,11823376.21058404,26.89202207129304,7.204542613604459,97.1,43.47481305019719
1306894284.86,1.8915455,6.7213487,1829.64,0.1,4.5,189.7,287880.56,-34467.91,-1.0,131.44014239114614,13758277.646454332,13758277.646454332,24.240310369349064,7.180791736469963,97.8,43.46639222779999
1306894286.14,1.8916126,6.7199756,1827.47,0.1,4.5,189.7,287895.06,-34620.13,-1.0,129.9110209286791,16265022.643507963,16265022.643507963,23.988979992220894,7.053928671169226,98.5,43.456968562008214
1306894287.62,1.8916865,6.7183833,1825.61,0.1,4.9,189.7,287911.56,-34796.65,-1.0,130.23124564469637,17311261.687634204,17311261.687634204,23.93857916415626,7.020733133058092,97.3,43.44734585859614
1306894287.83,1.8916966,6.7181575,1825.4,0.1,4.9,190.3,287913.88,-34821.7,-1.0,130.23270954705558,17525888.63467912,17525888.63467912,25.574912867162222,6.859719667178307,96.4,43.438136541010834
1306894289.3,1.891765,6.7165787,1824.17,0.1,4.9,190.4,287929.84,-34996.75,-1.0,130.00712886828143,17985487.321791355,17985487.321791355,26.04888071421686,6.92116158136556,92.70000000000002,43.429577923338044
1306894290.56,1.8918206,6.7152187,1823.42,0.1,4.9,190.5,287943.34,-35147.55,-1.0,130.5868181456648,16882351.37303891,16882351.37303891,26.721130511777453,7.010595854773957,93.60000000000001,43.42091978685511
1306894291.61,1.8918643,6.7140902,1822.96,0.1,4.9,190.5,287954.38,-35272.71,-1.0,130.0844250577333,15893409.865845243,15893409.865845243,25.86802446160046,7.0745853269042005,92.9,43.41282048676762
1306894293.1,1.8919225,6.7124936,1822.51,0.1,4.9,190.5,287969.66,-35449.79,-1.0,129.70335741313883,15913743.229741676,15913743.229741676,26.375275551158648,6.947649114729211,90.4,43.40482070549027
1306894293.32,1.8919308,6.7122551,1822.46,0.1,4.9,190.7,287971.91,-35476.25,-1.0,131.11889200400614,15450074.160682352,15450074.160682352,25.418788061780717,6.954990127632736,89.9,43.3979615628831
1306894294.61,1.8919771,6.7108707,1822.22,0.1,4.9,190.8,287984.84,-35629.81,-1.0,129.87011586407598,15591093.784965405,15591093.784965405,24.333394973888772,7.170282906057078,87.40000000000002,43.39195981310182
1306894297.36,1.8920648,6.7079124,1821.97,0.1,4.9,191.0,288011.56,-35958.02,-1.0,130.1461659989436,16046230.804453902,16046230.804453902,25.880310918497614,7.167608059351393,86.10000000000002,43.38608820330305
1306894300.75,1.8921512,6.7042797,1821.97,0.1,4.9,191.0,288042.72,-36361.15,-1.0,129.6629057793209,16409672.136253411,16409672.136253411,27.352144216680287,7.1588911955658965,84.8,43.38187779210445
1306894301.17,1.8921603,6.7038294,1821.97,0.1,4.9,191.3,288046.44,-36411.12,-1.0,129.68810746353765,16835501.474070683,16835501.474070683,26.435000022189616,7.09425817073382,83.80000000000001,43.379091265420286
1306894302.02,1.8921775,6.7029184,1821.97,0.1,4.9,191.3,288053.91,-36512.24,-1.0,129.66996771332202,16791385.24497184,16791385.24497184,26.01232820290754,7.140019145330994,86.9,43.376465499890976
1306894302.45,1.8921856,6.7024609,1821.97,0.1,4.9,191.4,288057.59,-36563.03,-1.0,128.80318077705616,16296570.51718725,16296570.51718725,25.416742050277186,7.0923482815144565,90.00000000000001,43.37478133541154
1306894303.29,1.8922003,6.701563,1821.97,0.1,4.9,191.4,288064.78,-36662.7,-1.0,129.33932442426138,15744047.791816471,15744047.791816471,25.691350171693927,7.123411671472883,87.60000000000001,43.37367131791372
1306894303.71,1.8922072,6.701111,1821.97,0.1,4.9,191.5,288068.34,-36712.88,-1.0,130.14900760323758,15198616.845513985,15198616.845513985,25.78634140688249,7.006480135792377,88.20000000000002,43.37291344389797
1306894304.55,1.8922197,6.7002092,1821.97,0.1,4.9,191.5,288075.38,-36813.0,-1.0,129.85559806674794,14788276.118936885,14788276.118936885,24.736850900069328,6.903242586070953,91.30000000000001,43.3725000580712
1306894304.97,1.8922253,6.6997638,1821.97,0.1,4.9,191.6,288078.78,-36862.45,-1.0,128.38278913239571,14858077.85163154,14858077.85163154,25.521792867049857,7.265056238523009,90.80000000000003,43.372124948709875
1306894306.03,1.8922381,6.6986236,1821.97,0.1,4.9,191.7,288087.41,-36989.05,-1.0,130.07566198491986,14743208.82970441,14743208.82970441,25.973724113432798,7.165255173278529,92.20000000000002,43.371933566382666
1306894307.09,1.8922484,6.697486,1821.97,0.1,4.9,191.7,288095.84,-37115.37,-1.0,129.7953174950404,14889923.790544724,14889923.790544724,27.23474311170933,7.328629354126811,92.40000000000002,43.371933566382666
1306894309.41,1.8922623,6.6950076,1821.97,0.1,4.9,191.7,288113.53,-37390.62,-1.0,129.2403604718112,14813850.697819894,14813850.697819894,28.50605287752802,7.605305238161605,94.2,43.371933566382666
1306894309.84,1.8922635,6.6945521,1821.97,0.1,4.9,192.0,288116.66,-37441.21,-1.0,128.2227508053445,14592050.247506388,14592050.247506388,26.686515403128098,7.650708361354314,93.30000000000001,43.371933566382666
1306894310.69,1.8922649,6.6936413,1821.97,0.1,4.9,192.0,288122.88,-37542.38,-1.0,129.5932312068305,14474398.334209278,14474398.334209278,25.327089858537782,7.706038266209942,91.9,43.371933566382666
1306894310.91,1.892265,6.6934083,1821.97,0.1,4.9,192.1,288124.44,-37568.26,-1.0,128.19171746607125,14465889.513996188,14465889.513996188,24.576636131499804,7.721101966299351,89.6,43.371933566382666
1306894311.76,1.8922643,6.6924925,1821.97,0.1,4.9,192.1,288130.5,-37669.99,-1.0,130.23360484467335,13898872.015556868,13898872.015556868,25.44161121407576,7.382559182965547,90.20000000000002,43.371933566382666
1306894312.18,1.8922634,6.6920502,1821.97,0.1,4.9,192.2,288133.38,-37719.13,-1.0,127.53781306594209,13717581.751968976,13717581.751968976,27.21777810880107,7.501967509237561,90.60000000000001,43.371933566382666
1306894313.04,1.8922602,6.6911252,1821.97,0.1,4.9,192.2,288139.31,-37821.9,-1.0,130.03231563793634,13227700.733636921,13227700.733636921,27.488169830263452,7.704081935245855,88.2,43.371933566382666
1306894314.3,1.8922527,6.6897873,1821.97,0.1,4.9,192.2,288147.66,-37970.57,-1.0,128.50740161447754,12759600.452295244,12759600.452295244,25.834819291835004,7.329630859479849,85.60000000000001,43.371933566382666
1306894314.51,1.892251,6.6895567,1821.97,0.1,4.9,192.4,288149.09,-37996.19,-1.0,132.5169102947964,12680491.640134709,12680491.640134709,23.971861849609287,7.381082330197877,84.3,43.371933566382666
1306894315.35,1.8922436,6.6886633,1821.97,0.1,4.9,192.4,288154.47,-38095.46,-1.0,128.67536031232797,14390878.023236647,14390878.023236647,22.43195587424401,7.220239364231511,83.69999999999999,43.371933566382666
1306894315.77,1.8922392,6.6882162,1821.97,0.1,4.9,192.5,288157.13,-38145.15,-1.0,128.80018222329895,16037703.351436822,16037703.351436822,21.16895723739455,7.259198182437817,81.69999999999999,43.371933566382666
1306894316.84,1.8922263,6.6870726,1821.97,0.1,4.9,192.6,288163.75,-38272.25,-1.0,129.26276886702348,17779070.839845955,17779070.839845955,22.289741078189973,7.527264266541575,84.6,43.371933566382666
1306894317.69,1.8922143,6.6861714,1821.97,0.1,4.9,192.6,288168.81,-38372.42,-1.0,128.3094912989126,19550239.01330362,19550239.01330362,23.190033106602826,7.431372414048785,85.39999999999999,43.371933566382666
1306894317.9,1.892211,6.6859465,1821.97,0.1,4.9,192.7,288170.06,-38397.43,-1.0,129.55399723855058,19328416.86039284,19328416.86039284,25.053653598022574,7.357456607227631,85.6,43.371933566382666
1306894320.02,1.8921725,6.6836848,1821.97,0.1,4.9,192.7,288182.13,-38648.85,-1.0,129.03511839227554,18585970.294827227,18585970.294827227,25.331912981159,7.74909224332887,87.30000000000001,43.371933566382666
1306894321.28,1.8921444,6.6823374,1821.97,0.1,4.9,193.0,288188.91,-38798.66,-1.0,129.31403729211735,17655928.319628246,17655928.319628246,23.044367141295755,7.816192930455748,88.50000000000001,43.371933566382666
1306894322.15,1.8921231,6.6814174,1821.97,0.1,4.9,193.0,288193.38,-38900.95,-1.0,127.97799245714101,16927828.796984885,16927828.796984885,21.506481971168974,7.867545249044037,89.50000000000001,43.371933566382666
1306894324.29,1.8920625,6.6791391,1821.97,0.1,4.9,193.0,288203.81,-39154.33,-1.0,128.78493029808305,16029257.360005196,16029257.360005196,23.121104897958258,8.040269751833332,91.3,43.371933566382666
1306894325.78,1.8920139,6.6775557,1821.97,0.1,4.9,193.4,288210.53,-39330.45,-1.0,128.56063047254884,16314514.512224156,16314514.512224156,23.05008232981598,8.075215639684485,93.1,43.371933566382666
1306894326.41,1.8919916,6.676885,1821.82,0.1,4.9,193.4,288213.25,-39405.06,-1.0,128.7751846991463,15804517.916806318,15804517.916806318,21.95943155936535,8.259986507912286,92.1,43.37181873698634
1306894326.83,1.8919763,6.6764408,1821.82,0.1,4.9,193.5,288215.0,-39454.48,-1.0,128.00512029426372,15330962.713886322,15330962.713886322,22.476159896961335,7.941087854292519,93.6,43.37170390759002
1306894327.67,1.8919443,6.6755473,1821.82,0.1,4.9,193.5,288218.44,-39553.89,-1.0,128.6778504843126,14850457.646846553,14850457.646846553,21.819813160110403,7.55585477749954,93.5,43.37158907819369
1306894328.93,1.8918931,6.6742113,1821.82,0.1,4.9,193.7,288223.31,-39702.54,-1.0,128.29545023145678,14435368.50803177,14435368.50803177,22.33289998057542,7.532887624370459,90.8,43.37147424879737
1306894329.99,1.8918465,6.6730777,1821.82,0.1,4.9,193.8,288227.19,-39828.7,-1.0,129.32416742109797,14431370.983187703,14431370.983187703,21.173358994297992,7.358457665447897,92.60000000000001,43.371359419401045
1306894331.68,1.8917669,6.6712859,1821.82,0.1,4.9,193.8,288232.88,-40028.12,-1.0,128.29013685044512,14483459.397683395,14483459.397683395,19.252922978620692,7.162714853731595,92.2,43.37124459000472
1306894332.1,1.8917461,6.6708416,1821.82,0.1,4.9,194.0,288234.19,-40077.57,-1.0,128.01492772253022,14629734.290218964,14629734.290218964,21.408185507870556,7.229463954090641,91.5,43.3711297606084
1306894333.78,1.891658,6.6690621,1821.82,0.1,4.9,194.0,288239.09,-40275.68,-1.0,128.18825000777585,14679832.806723107,14679832.806723107,23.508919113972556,6.975069968895015,89.7,43.37101493121207
1306894334.0,1.8916459,6.668829,1821.82,0.1,4.9,194.2,288239.69,-40301.63,-1.0,128.2102335395841,14728525.7037337,14728525.7037337,23.106341021089385,7.179799386216095,91.20000000000002,43.37090010181575
1306894335.05,1.8915862,6.6677126,1821.82,0.1,4.9,194.3,288242.44,-40425.92,-1.0,128.6210798118037,14711697.627837574,14711697.627837574,23.459013044085093,7.3475828596067165,88.19999999999999,43.37078527241942
1306894335.89,1.8915371,6.6668318,1821.82,0.1,4.9,194.3,288244.41,-40524.0,-1.0,126.99990826252402,14718463.024427753,14718463.024427753,23.951756079633807,7.132150432724361,89.7,43.37078527241942
1306894336.76,1.8914833,6.6659027,1821.82,0.1,4.9,194.3,288246.34,-40627.47,-1.0,129.16047497339275,14519361.23244326,14519361.23244326,24.673300254719713,7.180838212087383,87.6,43.37078527241942
1306894336.98,1.89147,6.6656784,1821.82,0.1,4.9,194.5,288246.81,-40652.45,-1.0,123.77710637310153,14631704.090542652,14631704.090542652,25.060446822124813,7.227271536018568,86.60000000000001,43.37078527241942
1306894337.84,1.8914144,6.6647624,1821.82,0.1,4.9,194.5,288248.53,-40754.47,-1.0,128.84754745976625,12884024.96086709,12884024.96086709,24.512294941633044,7.4824884644737875,87.20000000000002,43.37078527241942
1306894339.1,1.89133,6.6634314,1821.82,0.1,4.9,194.7,288250.72,-40902.73,-1.0,127.87554267579968,11631543.81884478,11631543.81884478,24.00000371958945,7.5990950754858195,86.3,43.37078527241942
1306894339.95,1.891271,6.6625374,1821.82,0.1,4.9,194.8,288252.0,-41002.31,-1.0,127.35227658946866,10398078.33195482,10398078.33195482,25.160478118855078,7.798512827915073,86.5,43.37078527241942
1306894341.63,1.8911477,6.6607612,1821.82,0.1,4.9,194.8,288254.13,-41200.21,-1.0,127.98661827671432,9014788.82846342,9014788.82846342,24.40115757064489,7.64092923948708,87.4,43.37078527241942
1306894343.54,1.8909982,6.658745,1821.79,0.1,4.9,194.8,288255.72,-41424.89,-1.0,127.80588883113992,9282496.033066716,9282496.033066716,22.28520335298399,7.575845273880784,89.0,43.37076230654015
1306894344.81,1.8908931,6.6574041,1821.79,0.1,4.9,195.3,288256.34,-41574.35,-1.0,127.84517352983866,10918765.652366297,10918765.652366297,21.78083619087912,7.270130828383144,88.1,43.37073934066088
1306894345.02,1.8908757,6.6571881,1821.79,0.3,4.9,195.3,288256.44,-41598.43,-1.0,124.82815780950715,12200486.558678051,12200486.558678051,21.76144926302726,6.907724825512352,88.4,43.37071637478162
1306894345.44,1.89084,6.6567477,1821.79,0.3,4.9,195.3,288256.53,-41647.52,-1.0,127.03242940487408,12350574.80636784,12350574.80636784,23.900693763835644,6.784133011094998,87.80000000000001,43.370693408902355
1306894345.65,1.8908216,6.6565244,1821.79,0.3,4.9,195.4,288256.56,-41672.42,-1.0,128.71979464910262,13103863.599592526,13103863.599592526,23.55869107375599,7.0545870875295655,87.5,43.37067044302309
1306894346.28,1.8907665,6.6558619,1821.79,0.3,4.9,195.4,288256.56,-41746.27,-1.0,127.36687366553376,12631450.525001992,12631450.525001992,22.940006774493675,7.306101149601718,87.2,43.37064747714382
1306894347.12,1.8906911,6.6549776,1821.79,0.3,4.9,195.4,288256.56,-41844.86,-1.0,127.5136202220688,12453374.254603876,12453374.254603876,23.101283170011705,7.2954231820970215,88.0,43.37062451126455
1306894348.38,1.890574,6.6536498,1821.78,0.3,4.9,195.7,288256.13,-41992.93,-1.0,127.65045091337772,13308840.679103136,13308840.679103136,22.848499740031695,7.212140932863098,86.0,43.370593890092195
1306894349.22,1.8904935,6.6527665,1821.78,0.3,4.9,195.8,288255.66,-42091.43,-1.0,127.39075179076168,14829475.135122156,14829475.135122156,22.240237844579152,7.133015873458178,85.5,43.370563268919845
1306894349.86,1.8904311,6.6520969,1821.78,0.3,4.9,195.8,288255.19,-42166.11,-1.0,126.81210830901566,15365055.460789666,15365055.460789666,20.820719383332637,7.014774726601483,83.4,43.37053264774749
1306894350.07,1.89041,6.6518741,1821.78,0.3,4.9,195.9,288255.0,-42190.95,-1.0,128.405743936523,15362881.309099745,15362881.309099745,22.897982393972438,7.278738357697036,85.00000000000001,43.3705249924544
1306894350.71,1.8903457,6.6512017,1821.78,0.3,4.9,195.9,288254.38,-42265.95,-1.0,127.30635250522599,16095848.361509597,16095848.361509597,24.123134412530092,7.269522314096607,82.60000000000001,43.37051733716131
1306894351.56,1.8902582,6.650307,1821.78,0.3,4.9,195.9,288253.44,-42365.76,-1.0,127.53930560971138,15595444.123911971,15595444.123911971,26.01759577259444,7.321498929855234,83.5,43.37050968186822
1306894351.99,1.8902131,6.6498535,1821.78,0.3,4.9,196.1,288252.88,-42416.35,-1.0,127.76275276875762,15507469.687479444,15507469.687479444,24.35697265018343,7.445049887873891,85.1,43.37050202657513
1306894352.86,1.890121,6.6489469,1821.77,0.3,4.9,196.2,288251.63,-42517.5,-1.0,126.37361334492397,16183233.210195873,16183233.210195873,23.208725825483235,7.4196069788025545,88.0,43.37048671598895
1306894353.5,1.8900508,6.6482693,1821.77,0.3,4.9,196.2,288250.59,-42593.11,-1.0,128.24605693778443,16061694.252475439,16061694.252475439,23.41980527990441,7.117777715884452,88.69999999999999,43.370471405402775
1306894353.71,1.8900281,6.6480533,1821.77,0.3,4.9,196.3,288250.22,-42617.21,-1.0,124.86547957941649,15732716.686161654,15732716.686161654,21.710632894444352,7.006630400636777,88.3,43.370456094816596
1306894354.34,1.8899576,6.6473897,1821.77,0.3,4.9,196.3,288249.06,-42691.26,-1.0,127.64162635897519,14319481.247459782,14319481.247459782,21.910117648606366,7.325656876335095,92.0,43.370448439523514
1306894354.55,1.8899338,6.6471686,1821.77,0.3,4.9,196.4,288248.66,-42715.94,-1.0,127.62471662152376,13144722.010862876,13144722.010862876,21.1115209936388,7.315342222775633,90.7,43.370440784230425
1306894355.18,1.8898625,6.6465127,1821.77,0.3,4.9,196.4,288247.41,-42789.14,-1.0,126.29033246737546,11980873.1862535,11980873.1862535,21.74246930773114,7.42533966189894,93.1,43.37043312893734
1306894356.03,1.8897634,6.6456193,1821.77,0.3,4.9,196.4,288245.5,-42888.85,-1.0,127.4020254272249,11127233.703525804,11127233.703525804,20.844707933360695,7.511744032906085,90.29999999999998,43.370425473644254
1306894357.93,1.8895353,6.6436364,1821.77,0.3,4.9,196.8,288240.66,-43110.21,-1.0,126.5979553337082,11212743.779627997,11212743.779627997,20.152890211896363,7.719917046085648,90.69999999999999,43.370417818351164
1306894359.43,1.8893459,6.6420623,1821.77,0.3,4.9,197.0,288236.13,-43285.98,-1.0,127.26862126166671,12149567.26930461,12149567.26930461,19.591986693463344,7.777228734536824,90.2,43.370410163058075
1306894360.27,1.8892378,6.6411902,1821.77,0.3,4.9,197.1,288233.38,-43383.37,-1.0,126.02767786940528,12835251.25139681,12835251.25139681,19.780888632239716,7.69902535863269,89.1,43.370402507764986
1306894360.9,1.8891546,6.6405315,1821.75,0.3,4.9,197.1,288231.19,-43456.94,-1.0,126.86414882915766,13431651.908242116,13431651.908242116,20.460844676251128,7.706966677348525,86.7,43.370387197178815
1306894361.12,1.8891255,6.640303,1821.75,0.3,4.9,197.2,288230.41,-43482.46,-1.0,126.0863045246801,14424370.051036594,14424370.051036594,20.968951859344635,7.939235408953686,84.3,43.37037188659264
1306894361.75,1.8890409,6.6396468,1821.75,0.3,4.9,197.2,288228.06,-43555.77,-1.0,126.45090943512756,13883567.33301432,13883567.33301432,21.0693973473909,7.773913077615087,85.19999999999999,43.37035657600647
1306894362.38,1.8889541,6.6389846,1821.75,0.3,4.9,197.2,288225.63,-43629.74,-1.0,127.49845001673533,13711418.304312002,13711418.304312002,20.70236058017467,7.751220778355945,84.2,43.370341265420294
1306894363.22,1.8888381,6.6381142,1821.75,0.3,4.9,197.2,288222.22,-43726.97,-1.0,125.83592427906001,13761117.029334407,13761117.029334407,21.927479888873812,7.77932522305737,82.60000000000001,43.370325954834115
1306894364.06,1.8887189,6.6372382,1821.75,0.3,4.9,197.2,288218.63,-43824.85,-1.0,126.6102324377027,13509721.793908637,13509721.793908637,21.732486129288592,8.031556057634157,80.30000000000001,43.37031064424794
1306894365.74,1.888473,6.6354846,1821.75,0.3,4.9,197.8,288210.81,-44020.82,-1.0,126.73699682930327,13599861.946468418,13599861.946468418,21.693721618907855,7.804539021803223,83.10000000000001,43.37029533366176
1306894366.38,1.8883779,6.6348243,1821.75,0.3,4.9,197.8,288207.69,-44094.63,-1.0,125.41789217227723,13892894.544971535,13892894.544971535,22.929307860611228,7.578827256815375,83.0,43.37028002307558
1306894366.59,1.8883462,6.634606,1821.75,0.3,4.9,197.9,288206.63,-44119.02,-1.0,126.23421826740777,13883648.141150864,13883648.141150864,21.72037751472224,7.731432160432385,83.5,43.3702647124894
1306894367.01,1.8882822,6.6341696,1821.75,0.3,4.9,197.9,288204.47,-44167.82,-1.0,126.2826261691257,14052876.312901912,14052876.312901912,21.885350963026234,7.646858833844069,85.0,43.37024940190323
1306894367.85,1.8881517,6.6332918,1821.73,0.3,4.9,197.9,288199.97,-44265.94,-1.0,126.90400541857169,14415769.993734669,14415769.993734669,21.68651827220706,7.550088187028598,85.7,43.37023409131705
1306894368.06,1.888119,6.6330748,1821.73,0.3,4.9,198.1,288198.84,-44290.2,-1.0,125.6186287856888,14496538.649061007,14496538.649061007,23.448139929139078,7.611382224003172,87.8,43.37021878073087
1306894368.69,1.8880202,6.632424,1821.73,0.3,4.9,198.1,288195.34,-44362.97,-1.0,125.60497645475898,14318065.197312258,14318065.197312258,22.986691843022022,7.853292198910816,88.50000000000001,43.370203470144695
1306894369.32,1.8879195,6.6317704,1821.73,0.3,4.9,198.1,288191.72,-44436.05,-1.0,126.09972728241456,14151268.365801062,14151268.365801062,23.725981542642568,7.80081723965146,87.4,43.370188159558516
1306894370.17,1.8877811,6.630887,1821.73,0.3,4.9,198.1,288186.63,-44534.84,-1.0,126.32701568597375,13596814.46942083,13596814.46942083,22.569272953395778,7.864742851525929,89.2,43.370172848972345
1306894370.8,1.8876766,6.6302311,1821.73,0.3,4.9,198.1,288182.72,-44608.21,-1.0,126.5676486762177,13062358.72950599,13062358.72950599,23.097900403342727,7.785066487104961,90.60000000000001,43.37015753838617
1306894371.44,1.8875691,6.6295651,1821.73,0.3,4.9,198.1,288178.63,-44682.7,-1.0,126.50146137986454,12963692.719552107,12963692.719552107,22.86648254176025,7.777138953336436,88.90000000000002,43.370142227799995
1306894372.28,1.8874276,6.6287029,1821.73,0.3,4.9,198.1,288173.16,-44779.15,-1.0,124.93511506985269,13164942.503632396,13164942.503632396,22.927074016610586,7.992362492303412,90.60000000000001,43.37012691721382
1306894372.91,1.8873193,6.6280534,1821.73,0.3,4.9,198.1,288168.91,-44851.82,-1.0,125.46788820882196,13450283.20250781,13450283.20250781,23.45697839629348,7.9971902191903705,90.60000000000001,43.37011160662764
1306894373.12,1.8872819,6.6278312,1821.73,0.3,4.9,198.8,288167.44,-44876.68,-1.0,128.5049232441768,13717119.662051274,13717119.662051274,22.00214538885219,8.039251692675938,91.50000000000001,43.37009629604146
1306894373.55,1.8872079,6.6273934,1821.73,0.3,5.3,198.8,288164.47,-44925.66,-1.0,124.0298792545571,15104672.60244778,15104672.60244778,22.959328316653515,8.177626743868126,92.80000000000001,43.37009629604146
1306894373.97,1.8871334,6.6269553,1821.71,0.3,5.3,198.9,288161.47,-44974.69,-1.0,126.86603720722154,15227443.0636001,15227443.0636001,20.574280598711866,8.194344237461042,92.40000000000002,43.37008098545528
1306894376.3,1.8867209,6.6245762,1821.71,0.3,5.4,198.9,288144.63,-45240.93,-1.0,124.39714448528358,16001704.121288706,16001704.121288706,20.46961972211731,8.102735930045691,91.0,43.3700656748691
1306894377.15,1.8865687,6.6237143,1821.71,0.3,5.4,198.9,288138.31,-45337.4,-1.0,123.63124365580677,16832453.337330546,16832453.337330546,19.892592474308334,7.851970964294026,90.7,43.37005036428293
1306894377.78,1.8864552,6.6230767,1821.71,0.3,5.4,198.9,288133.56,-45408.77,-1.0,123.42602670513135,16419227.870526575,16419227.870526575,21.6048770467841,7.72942482030884,91.9,43.37003505369675
1306894378.42,1.8863404,6.6224351,1821.71,0.3,5.4,198.9,288128.72,-45480.6,-1.0,122.37580109689881,15641165.31586373,15641165.31586373,20.924313802806527,7.776623348958931,91.00000000000001,43.370019743110575
1306894378.63,1.8863023,6.6222232,1821.71,0.3,5.4,199.6,288127.13,-45504.31,-1.0,123.04615071493836,14957865.82194792,14957865.82194792,22.75203683013992,7.943298871319381,91.9,43.3700044325244
1306894379.47,1.8861524,6.6213933,1821.69,0.3,5.4,199.7,288120.75,-45597.22,-1.0,120.75035642724316,13895372.367216745,13895372.367216745,21.488676439117093,7.814962009487527,92.6,43.36997381135204
1306894380.32,1.8859994,6.6205525,1821.69,0.4,5.4,199.7,288114.25,-45691.35,-1.0,120.8859324951555,12816401.161141392,12816401.161141392,20.463809183901677,7.699474197113706,94.39999999999998,43.36994319017968
1306894380.95,1.8858855,6.6199269,1821.69,0.4,5.7,199.7,288109.38,-45761.38,-1.0,121.30586537283776,12949153.782336382,12949153.782336382,23.312701534025397,7.818261575351093,94.4,43.369912569007326
1306894381.37,1.8858128,6.6195269,1821.69,0.4,5.7,200.0,288106.28,-45806.16,-1.0,116.75761301441148,12516327.096288832,12516327.096288832,22.447857675351152,7.713843588413751,94.20000000000002,43.369881947834976
1306894381.58,1.8857765,6.6193262,1821.69,0.4,5.8,200.0,288104.72,-45828.64,-1.0,117.18736652977101,11716729.014342748,11716729.014342748,24.615866890625895,7.554274923620275,93.60000000000001,43.3698666372488
1306894382.0,1.8857037,6.6189232,1821.69,0.4,5.8,200.1,288101.66,-45873.75,-1.0,117.54010903716048,10911836.624888,10911836.624888,24.741631294849945,7.629323375065349,93.60000000000001,43.369851326662626
1306894382.21,1.8856669,6.6187182,1821.68,0.4,5.9,200.1,288100.09,-45896.7,-1.0,119.42588674733952,10274858.794492219,10274858.794492219,24.651466878781388,7.579848673447149,93.3,43.36982836078336
1306894382.85,1.8855589,6.6181149,1821.68,0.4,6.0,200.1,288095.53,-45964.23,-1.0,115.64719100712009,10185523.453327626,10185523.453327626,23.20100727235575,7.589624904266449,93.9,43.3698053949041
1306894383.06,1.885524,6.6179189,1821.68,0.4,6.0,200.1,288094.09,-45986.16,-1.0,114.553236744033,10269991.402362082,10269991.402362082,24.557414029013096,7.464307532310989,94.2,43.36978242902483
1306894383.48,1.8854541,6.6175247,1821.68,0.4,6.1,200.1,288091.16,-46030.29,-1.0,115.19902346678752,10887092.140323525,10887092.140323525,23.424199081643348,7.448778827359888,92.2,43.36975946314556
1306894383.69,1.8854198,6.6173303,1821.68,0.4,6.1,200.1,288089.75,-46052.05,-1.0,113.7403299621497,11239459.97037618,11239459.97037618,24.84543549074479,7.553612264074124,90.3,43.369751807852474
1306894384.32,1.8853188,6.6167553,1821.68,0.4,6.1,200.1,288085.56,-46116.41,-1.0,112.27892403128786,10442892.835072985,10442892.835072985,27.317793348711437,7.658468820466202,90.69999999999999,43.369744152559385
1306894384.95,1.8852186,6.6161802,1821.68,0.4,6.1,200.1,288081.44,-46180.77,-1.0,112.2761899689696,9301116.560515434,9301116.560515434,26.76453881325685,7.740736188934926,89.60000000000001,43.369736497266295
1306894385.16,1.8851864,6.6159939,1821.68,0.4,6.4,200.6,288080.13,-46201.61,-1.0,109.34945985765823,8151441.633336898,8151441.633336898,26.263119111663556,7.554004406767559,90.5,43.369728841973206
1306894385.79,1.8850895,6.615431,1821.68,0.4,6.5,200.7,288076.19,-46264.61,-1.0,110.11156744353296,6462166.649689784,6462166.649689784,25.182456530799197,7.79595330283764,91.9,43.36972118668012
1306894386.21,1.885026,6.6150594,1821.68,0.4,6.6,200.7,288073.63,-46306.19,-1.0,109.1084156168626,5245172.754050606,5245172.754050606,27.582733638242992,7.549411385366623,92.5,43.36971353138703
1306894386.42,1.884995,6.6148769,1821.68,0.4,6.6,200.8,288072.41,-46326.61,-1.0,107.34134475511426,5139812.889130965,5139812.889130965,29.57175337897594,7.857743969779397,93.30000000000001,43.36971353138703
1306894387.05,1.8849025,6.6143297,1821.68,0.4,6.6,200.9,288068.72,-46387.84,-1.0,107.29464095204898,4255218.660595557,4255218.660595557,30.035082886805906,7.710437879506311,90.79999999999998,43.36971353138703
1306894387.27,1.8848706,6.6141399,1821.68,0.4,6.8,200.9,288067.44,-46409.07,-1.0,106.6035335118069,3906866.394427888,3906866.394427888,29.31822870185868,7.746072050071908,92.6,43.36971353138703
1306894387.48,1.8848401,6.613957,1821.66,0.4,6.8,200.9,288066.25,-46429.53,-1.0,107.52935239844068,4302051.039777699,4302051.039777699,30.048245992419716,7.467656516041277,94.1,43.369698220800856
1306894388.32,1.8847221,6.6132458,1821.66,0.4,7.0,201.1,288061.63,-46509.1,-1.0,104.82462139526311,4619067.084772388,4619067.084772388,27.34205897810963,7.466140392594486,96.8,43.369682910214685
1306894388.53,1.8846923,6.6130642,1821.66,0.4,7.0,201.1,288060.47,-46529.42,-1.0,106.86043291322969,5271933.618323457,5271933.618323457,25.27667549525775,7.3428778494058795,95.0,43.369667599628514
1306894388.74,1.884664,6.6128917,1821.66,0.4,7.1,201.2,288059.38,-46548.71,-1.0,101.95142945550882,7104347.154086869,7104347.154086869,25.42768863610818,7.388893171822266,95.10000000000001,43.369652289042335
1306894389.16,1.884607,6.6125415,1821.66,0.4,7.2,201.2,288057.19,-46587.88,-1.0,103.35638171952336,6854625.702210835,6854625.702210835,26.030201367161446,7.400348082727083,94.4,43.36963697845616
1306894389.37,1.8845795,6.6123713,1821.66,0.4,7.2,201.3,288056.13,-46606.92,-1.0,100.75938863650686,6794472.393661943,6794472.393661943,27.334972782490684,7.239324827093862,93.4,43.36962166786998
1306894389.58,1.8845513,6.6121968,1821.66,0.4,7.3,201.3,288055.06,-46626.44,-1.0,103.0454017371067,5760161.911899117,5760161.911899117,27.293127275697966,7.500338562092901,94.10000000000001,43.3696063572838
1306894389.79,1.8845233,6.6120223,1821.66,0.4,7.3,201.3,288054.0,-46645.96,-1.0,103.0448472702926,4435777.958030407,4435777.958030407,26.943139464122144,7.209027884062031,94.5,43.36959104669762
1306894390.0,1.8844957,6.6118502,1821.65,0.4,7.4,201.4,288052.97,-46665.21,-1.0,101.75767842403852,3900508.078147307,3900508.078147307,28.692306390725612,7.442694655273245,95.1,43.369568080818354
1306894390.84,1.8843888,6.6111747,1821.65,0.4,7.6,201.4,288048.97,-46740.75,-1.0,100.01831538675567,4022834.8624143302,4022834.8624143302,29.334919288917476,7.515178503590312,92.9,43.36954511493909
1306894391.05,1.8843623,6.6110055,1821.65,0.4,7.6,201.4,288048.0,-46759.68,-1.0,100.23139992693162,4860199.1442383705,4860199.1442383705,28.835029786540513,7.529240121278693,94.50000000000001,43.369537459646004
1306894391.47,1.8843099,6.6106692,1821.65,0.4,7.6,201.4,288046.09,-46797.28,-1.0,99.61185937382075,5647895.638736707,5647895.638736707,31.02918722051637,7.565556307254491,94.00000000000001,43.369529804352915
1306894392.1,1.8842345,6.610179,1821.65,0.4,7.6,201.4,288043.38,-46852.09,-1.0,97.0867414704805,6308475.710852906,6308475.710852906,31.389836504156044,7.468397706622742,92.9,43.36952214905983
1306894392.73,1.8841603,6.6096908,1821.16,0.4,0.5,201.4,288040.75,-46906.68,-1.0,96.74015125546435,5669138.236406057,5669138.236406057,31.350858786747683,7.280736526665676,92.5,43.369139384405415
1306894394.62,1.8839421,6.608253,1797.62,0.4,-6.1,202.2,288033.0,-47067.44,-1.0,95.95601540970215,5661759.621429824,5661759.621429824,30.50013086616186,7.49712147379376,92.3,43.350736059820996
1306894394.83,1.8839174,6.608094,1793.46,0.4,-5.8,202.2,288032.13,-47085.22,-1.0,96.80140709981872,4909200.735255376,4909200.735255376,28.916333643711,7.5334438625218585,93.80000000000001,43.329148133311804
1306894395.04,1.8838919,6.6079311,1789.11,0.4,-5.7,202.3,288031.19,-47103.44,-1.0,99.03997415456011,4769155.593525116,4769155.593525116,27.071391062792397,7.484430013545856,94.9,43.304230154309174
1306894395.46,1.8838413,6.6076135,1780.43,0.4,-5.4,202.4,288029.28,-47138.96,-1.0,96.88937352866226,5634364.575103425,5634364.575103425,25.96828009333141,7.466712065756054,94.30000000000003,43.272667380905844
1306894395.88,1.8837896,6.6072948,1771.6,0.4,-5.3,202.4,288027.31,-47174.61,-1.0,97.26945466896044,6271803.643622639,6271803.643622639,25.157318656266774,7.446023816048407,93.9,43.23435263899858
1306894396.09,1.8837636,6.6071369,1767.21,0.4,-5.3,202.5,288026.28,-47192.28,-1.0,96.52526638775433,7022946.487141166,7022946.487141166,25.760470682527874,7.321609858441759,95.5,43.192677223425534
1306894396.3,1.8837366,6.6069742,1762.67,0.4,-5.3,202.5,288025.22,-47210.47,-1.0,99.09886582488274,7610144.719287288,7610144.719287288,26.129857235246575,7.545893205863817,92.7,43.14752630479037
1306894396.51,1.8837103,6.6068176,1758.29,0.4,-5.3,202.6,288024.19,-47228.0,-1.0,95.86410015165879,8088173.700024123,8088173.700024123,25.47397535497376,7.4218859168492095,92.9,43.099022367782496
1306894396.93,1.8836555,6.6064965,1749.31,0.4,-5.3,202.7,288021.97,-47263.93,-1.0,98.00452660520637,7311697.8090445995,7311697.8090445995,27.295973934739404,7.457201480825439,92.80000000000001,43.04364397758127
1306894397.77,1.8835433,6.6058569,1731.41,0.4,-5.3,202.7,288017.34,-47335.51,-1.0,97.66723715012483,6942980.790812352,6942980.790812352,27.212286598399,7.65414435912821,92.10000000000001,42.9749377221132
1306894397.98,1.883515,6.6056989,1726.98,0.4,-5.3,202.9,288016.13,-47353.19,-1.0,96.62603326158785,6670697.410470946,6670697.410470946,26.638974839481918,7.755088998466519,91.80000000000001,42.920860731736994
1306894398.19,1.8834855,6.6055363,1722.43,0.4,-5.3,202.9,288014.88,-47371.4,-1.0,99.21704543466214,5760728.376753575,5760728.376753575,26.296215821042125,7.730544338274974,91.80000000000001,42.86648518493035
1306894398.4,1.8834564,6.6053774,1717.98,0.4,-5.3,203.0,288013.63,-47389.19,-1.0,97.16179212793774,6173331.121101073,6173331.121101073,26.782197988121844,7.596780157838139,91.2,42.812033085192816
1306894398.82,1.8833957,6.6050502,1708.82,0.4,-5.3,203.1,288011.0,-47425.83,-1.0,99.76628198702008,6343317.272271662,6343317.272271662,27.542554416787624,7.602253657062414,90.8,42.75721353138704
1306894399.03,1.883366,6.6048926,1704.4,0.4,-5.4,203.1,288009.69,-47443.48,-1.0,96.48676025102081,6650795.539240802,6650795.539240802,27.14789134637672,7.297479802036414,93.4,42.705769961833234
1306894399.24,1.8833353,6.6047311,1699.88,0.4,-5.4,203.1,288008.34,-47461.56,-1.0,98.59308327997924,6257987.465441835,6257987.465441835,26.15156590174601,7.457455374347601,94.2,42.654226873469284
1306894399.45,1.8833049,6.6045726,1695.44,0.4,-5.4,203.2,288006.97,-47479.31,-1.0,96.97950576426729,6632823.454876058,6632823.454876058,26.152747981549954,7.564319041413436,93.80000000000001,42.602760338036205
1306894400.08,1.8832107,6.6040898,1681.92,0.4,-5.4,203.2,288002.72,-47533.39,-1.0,98.34026869387185,5690714.619389374,5690714.619389374,27.301927898934423,7.575954917038338,93.8,42.544296864720366
1306894400.92,1.88308,6.6034422,1663.81,0.4,-4.7,203.5,287996.66,-47605.96,-1.0,98.91465703570292,5286090.243361876,5286090.243361876,25.46343623176987,7.870318918536806,93.80000000000001,42.47884410881486
1306894401.13,1.8830472,6.6032832,1659.42,0.4,-4.5,203.5,287995.13,-47623.77,-1.0,97.2305477156061,5346811.992138236,5346811.992138236,24.080254117776697,7.778833086067829,92.9,42.42373365387173
1306894402.18,1.8828763,6.6024773,1637.89,0.4,-4.0,203.8,287986.94,-47714.11,-1.0,98.36501578200951,5030923.326142163,5030923.326142163,24.388662316340678,7.78169486222835,93.80000000000001,42.355532647747495
1306894402.4,1.8828397,6.6023096,1633.54,0.4,-4.0,203.8,287985.16,-47732.91,-1.0,97.65609781915963,5280490.795545575,5280490.795545575,24.72934337675746,7.706200769394789,92.2,42.287484747485024
1306894402.61,1.8828032,6.6021434,1629.27,0.4,-3.9,203.9,287983.34,-47751.54,-1.0,100.98468306475533,5169520.599187756,5169520.599187756,25.210893897961473,7.852168163448866,92.80000000000001,42.219574642498145
1306894403.04,1.8827306,6.6018172,1620.98,0.4,-3.7,204.0,287979.75,-47788.13,-1.0,97.21485851760998,6089354.361507185,6089354.361507185,26.102258329518143,8.13357395357003,94.5,42.152330548009964
1306894403.25,1.8826937,6.6016533,1616.86,0.4,-3.6,204.0,287977.94,-47806.51,-1.0,99.67483407961501,6142445.757182537,6142445.757182537,27.014756586535995,8.2255433405096,91.89999999999999,42.08531611231442
1306894403.46,1.882657,6.6014918,1612.84,0.4,-3.5,204.0,287976.09,-47824.63,-1.0,98.37831258510423,7718026.677869632,7718026.677869632,27.6975409684879,8.190473067027993,90.39999999999999,42.018684441273294
1306894404.09,1.8825456,6.6010089,1601.0,0.4,-3.2,204.2,287970.47,-47878.8,-1.0,98.02103387338921,8677422.181610033,8677422.181610033,25.871179955300992,7.975078152786198,91.6,41.94638785334679
1306894404.3,1.8825072,6.6008452,1597.05,0.4,-3.2,204.2,287968.5,-47897.16,-1.0,99.46454246372735,8989364.975062529,8989364.975062529,25.558332796697364,7.999129538162281,89.0,41.88141738090584
1306894404.51,1.882469,6.6006839,1593.18,0.4,-3.1,204.3,287966.56,-47915.27,-1.0,98.2175945628932,9302849.758026987,9302849.758026987,25.62044881574656,7.9722030857589985,89.5,41.82734804582273
1306894404.72,1.8824301,6.6005203,1589.3,0.4,-3.0,204.3,287964.56,-47933.63,-1.0,99.41006564439044,8698037.986189509,8698037.986189509,26.482146940236966,7.843672286548405,89.30000000000001,41.773669130687125
1306894406.4,1.8821128,6.5992329,1559.88,0.4,-2.2,204.7,287947.94,-48078.14,-1.0,97.87149397120243,8150801.117403682,8150801.117403682,26.426243795685632,7.532067850967224,89.2,41.713950189304796
1306894406.61,1.8820731,6.5990771,1556.46,0.4,-2.1,204.7,287945.84,-48095.65,-1.0,95.0727404126583,7749697.760177118,7749697.760177118,27.46833921702961,7.731341301155477,89.10000000000001,41.654943190179694
1306894407.03,1.8819906,6.5987565,1549.5,0.4,-1.9,204.7,287941.41,-48131.65,-1.0,97.45167815416184,7184238.541028093,7184238.541028093,27.557830889524197,7.513643637077164,86.20000000000002,41.59387691721382
1306894407.24,1.8819481,6.5985933,1546.01,0.4,-1.8,204.9,287939.13,-48149.98,-1.0,99.02622801706978,6372263.977453478,6372263.977453478,27.58458291597472,7.356503890153429,86.30000000000001,41.53648518493034
1306894407.67,1.8818617,6.5982644,1539.07,0.4,-1.6,205.0,287934.47,-48186.92,-1.0,97.58898299424295,6606804.9377030935,6606804.9377030935,27.92621679364541,7.332926694881796,85.0,41.47693465999596
1306894407.88,1.8818201,6.5981078,1535.81,0.4,-1.5,205.0,287932.22,-48204.52,-1.0,95.41558973816682,6072427.906375021,6072427.906375021,26.566585476266958,7.308535300245213,84.10000000000001,41.4179659373363
1306894408.3,1.8817349,6.5977905,1529.3,0.4,-1.3,205.0,287927.56,-48240.17,-1.0,96.49412582245955,5699951.711045465,5699951.711045465,26.763083443507746,7.436421225271493,84.60000000000001,41.363077485892724
1306894408.72,1.8816476,6.5974693,1522.84,0.4,-1.1,205.2,287922.78,-48276.27,-1.0,97.55146304564155,6233883.52427139,6233883.52427139,26.59428541629046,7.518291614900289,86.30000000000001,41.30626755588398
1306894408.93,1.881604,6.5973105,1519.69,0.4,-1.0,205.2,287920.38,-48294.11,-1.0,96.5109084747148,5885723.665618602,5885723.665618602,26.78208527621548,7.283536981305627,87.4,41.25000880697759
1306894409.57,1.8814699,6.5968285,1510.31,0.4,-0.7,205.4,287912.94,-48348.3,-1.0,96.19738139009324,5352945.782660266,5352945.782660266,25.67258673362302,7.5061897915460305,90.4,41.1895396468726
1306894410.62,1.8812461,6.5960435,1495.65,0.4,-0.2,205.4,287900.41,-48436.56,-1.0,95.51343187529449,5457913.558885078,5457913.558885078,26.170803794446176,7.621167150600539,88.7,41.14036969936605
1306894410.83,1.8811996,6.5958836,1492.75,0.4,-0.1,205.7,287897.78,-48454.55,-1.0,97.12924527544445,5246920.315510572,5246920.315510572,25.749609506498548,7.570772051393444,90.60000000000001,41.09159782710008
1306894411.04,1.8811545,6.5957292,1489.99,0.4,0.0,205.7,287895.22,-48471.92,-1.0,94.09456094687042,5471258.939751498,5471258.939751498,26.185061498584883,7.541615681801709,91.9,41.04604117793123
1306894411.67,1.8810143,6.5952547,1481.67,0.4,0.3,205.7,287887.25,-48525.3,-1.0,96.13292770427891,5483323.980756362,5483323.980756362,24.638411855578287,7.617932896294316,90.50000000000001,40.99678702220069
1306894411.88,1.8809689,6.5951027,1479.07,0.4,0.4,205.9,287884.66,-48542.4,-1.0,92.73489822565357,5780937.782285414,5780937.782285414,22.605636425685407,7.8818250393595,91.00000000000001,40.9508552636705
1306894412.09,1.8809226,6.5949487,1476.45,0.4,0.5,205.9,287882.03,-48559.73,-1.0,93.84596910185036,4766494.945474492,4766494.945474492,23.599248277519795,7.689972635805926,90.2,40.90541344389797
1306894412.3,1.8808752,6.5947919,1473.83,0.4,0.7,206.0,287879.31,-48577.36,-1.0,95.2957887371155,3771985.529224024,3771985.529224024,22.839854550825546,7.8023741504554325,91.5,40.86294953313682
1306894413.14,1.8806851,6.5941733,1463.76,0.4,1.0,206.2,287868.34,-48646.99,-1.0,94.1974264557495,3597436.9733584695,3597436.9733584695,22.211156079834048,7.600919936682988,91.6,40.81772206157076
1306894413.36,1.880635,6.5940129,1461.22,0.4,1.2,206.2,287865.44,-48665.04,-1.0,93.3174993996891,3661229.410672987,3661229.410672987,24.113068905984967,7.676253505639707,92.40000000000002,40.7729615628831
1306894413.78,1.8805371,6.5937027,1456.42,0.4,1.3,206.2,287859.72,-48699.97,-1.0,94.45443130390032,4138293.6036443445,4138293.6036443445,25.393646284758848,7.68035480692558,90.7,40.73170718842991
1306894414.41,1.880388,6.5932384,1449.46,0.4,1.6,206.2,287850.97,-48752.26,-1.0,94.27276501961758,5299292.533588087,5299292.533588087,24.543126657983994,7.642611802613189,91.00000000000001,40.69634738965476
1306894415.25,1.8801847,6.5926207,1440.63,0.4,2.0,206.2,287838.94,-48821.84,-1.0,94.09389482496962,6261006.009237485,6261006.009237485,23.613972263036445,7.49072411166363,89.4,40.656448002078214
1306894415.67,1.880081,6.5923121,1436.41,0.4,2.0,206.2,287832.78,-48856.61,-1.0,94.03509142548461,6165809.045272379,6165809.045272379,22.330103184158713,7.796179729201946,87.9,40.615430941710756
1306894415.88,1.8800278,6.5921557,1434.31,0.4,2.2,206.8,287829.59,-48874.25,-1.0,95.29032857750235,6530633.6640469665,6530633.6640469665,24.021820754943306,7.816458201402559,86.3,40.57917547364425
1306894416.09,1.8799771,6.5920073,1432.36,0.4,2.3,206.8,287826.56,-48890.97,-1.0,90.80001706982229,6448136.611808322,6448136.611808322,24.40652301068506,7.801898077281327,89.3,40.54341759962851
1306894416.3,1.8799234,6.5918516,1430.34,0.4,2.4,206.9,287823.34,-48908.52,-1.0,94.84495731443562,5412474.096721016,5412474.096721016,24.0066853970281,7.768591443645615,92.60000000000001,40.508119043198064
1306894416.51,1.879869,6.5916944,1428.33,0.4,2.5,206.9,287820.06,-48926.24,-1.0,95.67431231832062,5780879.948185794,5780879.948185794,25.438438928369763,7.401470682490776,90.30000000000003,40.47328745964601
1306894416.72,1.8798162,6.5915431,1426.43,0.4,2.6,207.0,287816.88,-48943.3,-1.0,92.46051495702702,6325289.799757862,6325289.799757862,26.837626537178924,7.717855661569457,90.60000000000001,40.44471025054715
1306894416.93,1.8797624,6.5913897,1424.53,0.4,2.7,207.0,287813.63,-48960.6,-1.0,93.63022177903444,5551824.680418498,5551824.680418498,24.371089245700645,7.538208933356687,91.2,40.41662298020595
1306894417.14,1.8797069,6.5912326,1422.62,0.4,2.8,207.1,287810.28,-48978.31,-1.0,95.62234748008815,5981026.86733011,5981026.86733011,24.6290367951828,7.400311847186401,89.3,40.39074808956727
1306894417.35,1.8796535,6.5910822,1420.83,0.4,2.9,207.1,287807.03,-48995.27,-1.0,91.98172069259164,7000775.6322002495,7000775.6322002495,24.416793987928948,7.527705756574881,89.0,40.36883098545528
1306894417.56,1.8795979,6.5909267,1419.0,0.4,3.0,207.1,287803.66,-49012.81,-1.0,94.79950044770429,5870343.991104602,5870343.991104602,24.24568075108311,7.3804048957043165,91.1,40.35227258650515
1306894418.2,1.8794266,6.5904533,1413.64,0.4,3.3,207.3,287793.22,-49066.21,-1.0,94.71809033466293,6015909.702682944,6015909.702682944,25.3190116576617,7.281210640809731,90.5,40.33484148414295
1306894418.62,1.879316,6.5901518,1410.38,0.4,3.5,207.4,287786.44,-49100.23,-1.0,92.23586575030248,6996396.125316961,6996396.125316961,25.003916469261572,7.242961581810704,90.5,40.3165223677825
1306894418.83,1.8792584,6.5899961,1408.74,0.4,3.6,207.4,287782.91,-49117.8,-1.0,94.96260111330946,5756756.327990172,5756756.327990172,25.33724344837917,7.0408767795269585,90.6,40.29844056550778
1306894419.04,1.8792024,6.5898456,1407.19,0.4,3.7,207.5,287779.47,-49134.79,-1.0,92.14248264636403,6607261.833314887,6607261.833314887,26.707048530448226,7.2838365619313326,88.40000000000002,40.28071856200822
1306894420.09,1.878912,6.5890769,1399.75,0.4,4.1,207.5,287761.53,-49221.56,-1.0,93.92835948490428,7172691.390356187,7172691.390356187,26.02756549514553,7.40230234172275,91.10000000000002,40.25883973436167
1306894420.3,1.8788527,6.5889226,1398.35,0.4,4.2,207.8,287757.84,-49238.98,-1.0,94.27738344738086,6314183.880761715,6314183.880761715,24.082514787048797,7.068523058484338,91.00000000000003,40.237343671369544
1306894420.51,1.878794,6.5887705,1397.01,0.4,4.3,207.8,287754.19,-49256.16,-1.0,93.10189040344672,6141560.521949369,6141560.521949369,24.86241977724297,7.0750766220026335,91.40000000000002,40.21627630479036
1306894420.72,1.8787362,6.5886213,1395.72,0.4,4.4,207.8,287750.59,-49273.01,-1.0,91.50005191072339,5820273.545094455,5820273.545094455,22.851287910711246,7.142767527268456,93.30000000000001,40.19568356638267
1306894420.93,1.8786748,6.5884641,1394.4,0.4,4.5,207.9,287746.78,-49290.76,-1.0,95.88612612553558,4200058.648245676,4200058.648245676,23.551687379515524,7.003404507692463,94.30000000000001,40.17545062675012
1306894421.14,1.878616,6.5883141,1393.17,0.4,4.6,207.9,287743.09,-49307.7,-1.0,91.96735330673698,5025016.58033328,5025016.58033328,25.038164064022308,7.28173591674949,91.3,40.15567700470287
1306894421.35,1.8785554,6.5881605,1391.94,0.4,4.7,208.0,287739.31,-49325.05,-1.0,93.9580589523631,4711078.299661793,4711078.299661793,24.95388783425601,7.412437298300722,93.8,40.139065018701125
1306894422.61,1.8781856,6.5872409,1385.28,0.4,4.7,208.3,287716.09,-49428.96,-1.0,93.84078184398054,4784324.001107986,4784324.001107986,22.696340262033914,7.258157928979356,95.7,40.119850233049334
1306894422.82,1.878123,6.587088,1384.29,0.4,5.4,208.3,287712.13,-49446.25,-1.0,93.74475691806279,6248537.70066511,6248537.70066511,22.79881848283034,7.1610078601269755,93.7,40.10113304144828
1306894423.03,1.8780611,6.5869373,1383.34,0.4,5.5,208.4,287708.22,-49463.29,-1.0,92.52357725153135,6256543.682791946,6256543.682791946,22.29250358725581,7.078403911377646,93.6,40.08287516743253
1306894423.24,1.8779972,6.5867823,1382.41,0.4,5.6,208.4,287704.19,-49480.8,-1.0,94.81722496565934,5889440.338882876,5889440.338882876,22.953393219575084,6.972173312488488,90.99999999999999,40.06960088921731
1306894423.45,1.8779345,6.5866312,1381.53,0.4,5.7,208.5,287700.22,-49497.89,-1.0,92.78855108780778,6666756.389157122,6666756.389157122,24.33543202194901,7.137441893710108,90.1,40.05672468624268
1306894423.66,1.8778714,6.5864795,1380.68,0.4,5.8,208.5,287696.22,-49515.04,-1.0,93.0870681421898,6147469.642420865,6147469.642420865,25.06585258042179,7.303522335527614,89.5,40.044223592629386
1306894424.08,1.8777416,6.5861693,1379.05,0.4,6.0,208.6,287687.97,-49550.11,-1.0,94.98472336569151,5324465.356150853,5324465.356150853,25.494208532881995,7.113738586035808,90.2,40.031462219051086
1306894424.29,1.8776805,6.5860239,1378.33,0.4,6.1,208.6,287684.09,-49566.55,-1.0,89.63574308862249,6224130.447863875,6224130.447863875,25.29874170232439,7.284587882636821,90.4,40.01916016305808
1306894424.71,1.8775517,6.5857193,1376.94,0.4,6.4,208.6,287675.88,-49601.01,-1.0,93.51603995160103,4574087.280604357,4574087.280604357,25.24779545997406,7.335559695950695,92.70000000000002,40.006735622375665
1306894425.98,1.8771607,6.584807,1373.62,0.4,7.1,208.6,287650.91,-49704.21,-1.0,92.73712353823228,3823294.084614069,3823294.084614069,24.228973930717046,7.387376595823197,93.7,39.99271112543778
1306894426.19,1.8770938,6.584653,1373.2,0.4,7.2,209.1,287646.63,-49721.64,-1.0,94.55959535350823,3469181.332623188,3469181.332623188,26.415123798520547,7.45637234061421,94.7,39.98346353138704
1306894426.61,1.8769637,6.5843551,1372.49,0.4,7.5,209.2,287638.28,-49755.34,-1.0,91.74728463700642,3217542.8602842754,3217542.8602842754,24.75513076153804,7.423518777962582,93.60000000000001,39.97443028554277
1306894426.83,1.8768959,6.5842006,1372.19,0.4,7.7,209.2,287633.94,-49772.83,-1.0,90.98830033671533,3347875.671780532,3347875.671780532,25.380405365365778,7.538855884679617,95.8,39.965894633749244
1306894427.05,1.8768259,6.5840418,1371.94,0.4,7.9,209.3,287629.44,-49790.8,-1.0,93.2607865728673,4691629.953349519,4691629.953349519,24.239512223990275,7.661647982883531,95.3,39.957879541885724
1306894427.26,1.8767599,6.5838924,1371.74,0.4,7.1,209.3,287625.19,-49807.71,-1.0,92.08074187483588,5615745.804784003,5615745.804784003,23.46754349511216,7.714530967134494,93.5,39.95038500995223
1306894427.89,1.8765597,6.5834426,1370.62,0.4,0.1,209.3,287612.28,-49858.63,-1.0,92.43504997629402,5892376.620054153,5892376.620054153,24.1195133254591,7.871337678589498,94.0,39.94268378510533
1306894428.52,1.8763568,6.5829914,1366.89,0.6,-2.6,209.6,287599.16,-49909.72,-1.0,92.93258393579507,6338262.678045725,6338262.678045725,26.100661912602135,7.918133894264738,93.8,39.933374948709876
1306894428.73,1.8762896,6.5828432,1365.02,0.6,-3.0,209.6,287594.81,-49926.5,-1.0,91.9851325815431,6055180.5397672625,6055180.5397672625,28.132891469849966,7.824918447507563,93.60000000000001,39.92318575360926
1306894429.57,1.8760181,6.5822523,1354.96,0.6,-3.0,209.9,287577.19,-49993.43,-1.0,92.16092132243273,5616331.840491255,5616331.840491255,27.54673241280012,7.872894791370684,92.9,39.90635941940104
1306894429.78,1.8759497,6.5821057,1351.94,0.6,-3.8,209.9,287572.75,-50010.04,-1.0,91.96933325178559,4901565.548250669,4901565.548250669,27.972491246011362,7.735888112743903,92.60000000000002,39.88976274398547
1306894430.41,1.8757406,6.5816636,1341.93,0.6,-4.1,210.1,287559.09,-50060.15,-1.0,92.74915635986815,4809282.557147314,4809282.557147314,27.489910543663058,7.878448039959315,89.90000000000002,39.865824642498154
1306894430.83,1.8756008,6.5813736,1334.8,0.6,-4.1,210.1,287549.91,-50093.03,-1.0,91.76707806642592,4424406.572615229,4424406.572615229,29.22048794161373,7.975187747261489,91.2,39.83697184284811
1306894431.04,1.875528,6.5812244,1331.02,0.6,-4.1,210.3,287545.13,-50109.95,-1.0,94.33752745483656,4035169.9502908196,4035169.9502908196,28.519789655433637,7.848200060216691,90.39999999999999,39.805455001203306
1306894431.25,1.8754578,6.5810816,1327.33,0.6,-4.1,210.3,287540.5,-50126.14,-1.0,90.7725121499447,4923571.173415125,4923571.173415125,30.346266221491693,7.888527113391747,91.0,39.77130473873612
1306894431.89,1.8752366,6.5806398,1315.72,0.6,-3.8,210.3,287525.88,-50176.27,-1.0,92.2281941656045,4871019.9322814755,4871019.9322814755,28.881562392830368,7.787622627330593,92.89999999999999,39.728419786855106
1306894432.52,1.8750129,6.5802047,1304.17,0.6,-3.3,210.7,287511.03,-50225.67,-1.0,92.49960577262978,4940948.991920724,4940948.991920724,28.65844173231934,7.599443830376999,92.69999999999999,39.67755036428293
1306894432.73,1.8749347,6.5800552,1300.23,0.6,-3.1,210.8,287505.81,-50242.64,-1.0,95.15437099035579,5115008.729187373,5115008.729187373,26.646785475870292,7.8797817475130065,92.79999999999998,39.62652018055589
1306894433.57,1.8746269,6.5794802,1285.37,0.6,-2.4,210.8,287485.19,-50307.98,-1.0,91.98831880363106,5198621.077243475,5198621.077243475,24.588771758613113,7.96377602899845,91.3,39.56554577110707
1306894433.78,1.8745483,6.5793365,1281.77,0.6,-2.1,211.1,287479.91,-50324.31,-1.0,91.99758633118178,5320564.27710387,5320564.27710387,25.020230827911742,7.676189334205147,89.8,39.509516680993336
1306894434.41,1.8743051,6.5788997,1271.13,0.6,-1.5,211.1,287463.5,-50374.0,-1.0,93.2237840539818,6027646.192603238,6027646.192603238,24.10026851044005,7.448824048446349,89.30000000000001,39.44765425754627
1306894434.83,1.8741435,6.5786155,1264.51,0.6,-1.0,211.4,287452.56,-50406.34,-1.0,91.23678758566528,6786531.902020339,6786531.902020339,24.095532885248826,7.420179028738962,92.80000000000001,39.38838697845616
1306894435.04,1.8740602,6.5784706,1261.23,0.6,-0.8,211.4,287446.91,-50422.82,-1.0,92.83156800667868,6570855.763460843,6570855.763460843,22.783467176496618,7.3935554664051875,94.7,39.33206698720505
1306894435.25,1.8739767,6.5783265,1258.04,0.6,-0.6,211.5,287441.22,-50439.23,-1.0,92.4898728720749,6857440.490182435,6857440.490182435,21.551863432644065,7.454070900014857,95.60000000000001,39.27619865824618
1306894435.89,1.8737197,6.5778902,1248.82,0.5,0.1,211.5,287423.72,-50488.92,-1.0,91.94781430825545,6441086.234782309,6441086.234782309,21.67865435321567,7.418961446151805,97.70000000000002,39.21609695220944
1306894436.96,1.8732743,6.577156,1234.82,0.5,1.3,211.5,287393.25,-50572.59,-1.0,92.57602658722128,5996018.710664822,5996018.710664822,22.987177351823004,7.377447134340649,96.30000000000001,39.15416563112457
1306894437.17,1.8731836,6.5770094,1232.26,0.5,1.5,212.0,287387.03,-50589.31,-1.0,94.11955706461715,5721933.817043351,5721933.817043351,21.868665899338232,7.547693457984932,94.20000000000002,39.09911641852615
1306894437.59,1.8730059,6.5767251,1227.5,0.5,1.9,212.1,287374.81,-50621.73,-1.0,91.55231419199691,6290500.704000923,6290500.704000923,23.874593722739505,7.493662114142747,91.7,39.04343947189448
1306894437.8,1.8729134,6.5765786,1225.16,0.5,2.1,212.1,287368.44,-50638.45,-1.0,94.18778507742057,6109877.391512669,6109877.391512669,25.662447620764887,7.51776780728286,94.0,38.99734695220944
1306894438.01,1.8728204,6.5764321,1222.89,0.5,2.3,212.2,287362.03,-50655.16,-1.0,94.1573008093169,6646961.786358317,6646961.786358317,23.99583427750707,7.6759439837946974,93.5,38.952272586505146
1306894438.23,1.8727274,6.5762864,1220.71,0.5,2.5,212.2,287355.59,-50671.8,-1.0,89.9538242150595,7306066.675156938,7306066.675156938,25.900110338723575,7.657942916497617,92.60000000000001,38.913674598753616
1306894438.44,1.8726346,6.576142,1218.62,0.5,2.7,212.3,287349.22,-50688.27,-1.0,92.91964211294223,6444787.864144845,6444787.864144845,24.584401392058965,7.469556086552464,92.4,38.87854445877111
1306894438.65,1.8725432,6.5760005,1216.64,0.5,2.9,212.3,287342.88,-50704.43,-1.0,91.41782673485568,6559352.154922307,6559352.154922307,27.11457295873471,7.373372530679592,91.39999999999999,38.8444095068901
1306894439.07,1.8723536,6.5757093,1212.76,0.5,3.2,212.3,287329.78,-50737.68,-1.0,93.79588441451355,5923161.067989428,5923161.067989428,27.135519645131108,7.350281582832118,89.1,38.80974633978599
1306894439.28,1.8722604,6.5755671,1210.96,0.5,3.4,212.5,287323.31,-50753.91,-1.0,91.8307982107282,4915607.208547623,4915607.208547623,24.94751887845608,7.2910606825090305,88.69999999999999,38.78076340015345
1306894439.49,1.8721644,6.5754217,1209.19,0.5,3.6,212.5,287316.66,-50770.52,-1.0,93.79156015531636,4381432.31063191,4381432.31063191,25.777898270248528,7.333523480610664,90.3,38.76114288396796
1306894439.7,1.8720717,6.5752817,1207.54,0.5,3.7,212.6,287310.22,-50786.51,-1.0,90.63710390813881,4874364.037806579,4874364.037806579,25.14036562157099,7.141749297961757,89.6,38.74221899945353
1306894439.91,1.8719749,6.5751364,1205.9,0.5,3.9,212.6,287303.5,-50803.12,-1.0,93.83733670854609,4048169.1075030495,4048169.1075030495,25.169646292489695,6.9882470237502305,90.4,38.72568356638267
1306894440.33,1.8717823,6.5748492,1202.82,0.5,4.2,212.6,287290.13,-50835.93,-1.0,92.82097349087371,4631201.120572932,4631201.120572932,23.56918032229331,6.723365070552234,90.5,38.70858164162326
1306894440.54,1.8716852,6.5747054,1201.36,0.5,4.3,212.8,287283.38,-50852.37,-1.0,93.04362886970526,5279307.292932586,5279307.292932586,25.470892241994186,6.7685172976462376,92.50000000000003,38.692099795604015
1306894440.75,1.8715909,6.5745664,1200.01,0.5,4.5,212.8,287276.81,-50868.26,-1.0,90.25707060161784,5074621.715724597,5074621.715724597,25.6219314411909,6.84525946325825,92.00000000000001,38.676253338911096
1306894440.96,1.8714921,6.5744213,1198.65,0.5,4.6,212.9,287269.94,-50884.84,-1.0,93.81701288843223,5176395.62657028,5176395.62657028,27.658056339910644,6.828537988283331,89.30000000000001,38.66096571861364
1306894441.6,1.8711926,6.5739852,1194.87,0.5,5.0,212.9,287249.03,-50934.71,-1.0,92.78841200717878,5712250.179253884,5712250.179253884,25.13692616478247,7.196694002158347,89.60000000000001,38.64430014556027
1306894441.81,1.8710933,6.5738417,1193.73,0.5,5.1,213.1,287242.09,-50951.12,-1.0,93.08597204703102,5832380.096965269,5832380.096965269,26.701839497948498,7.184732941554368,89.3,38.6297321228131
1306894442.02,1.870996,6.5737017,1192.66,0.6,5.2,213.1,287235.31,-50967.14,-1.0,91.06785830122486,5624514.498265628,5624514.498265628,27.099813416830216,7.205303868138689,86.3,38.6157229364614
1306894442.23,1.8708973,6.5735601,1191.62,2.0,5.3,213.1,287228.41,-50983.34,-1.0,92.05172074723222,6007981.41616344,6007981.41616344,25.652693466549238,7.3923588323178695,84.1,38.60227258650515
1306894442.44,1.8707953,6.5734145,1190.6,6.4,5.5,213.2,287221.28,-50999.99,-1.0,94.42301322321006,5697868.256822597,5697868.256822597,25.089624022892764,7.6418705945732475,83.59999999999998,38.589304520013464
1306894442.65,1.8706934,6.5732705,1189.63,11.5,5.8,213.4,287214.16,-51016.47,-1.0,93.62983129619516,5931571.765151776,5931571.765151776,23.89285788533538,7.71853321931102,85.7,38.5768493581587
1306894444.12,1.8699052,6.5722491,1184.12,13.4,4.2,216.3,287158.34,-51133.67,-1.0,96.14280020603894,5882527.651280313,5882527.651280313,24.43722524502838,7.758275329017824,85.19999999999999,38.56253396008346
1306894445.59,1.8690073,6.571177,1172.03,-37.6,-4.0,215.6,287094.16,-51257.03,-1.0,102.40862661441108,6344772.339232354,6344772.339232354,23.4032615779726,7.7557157232038945,84.4,38.54008098545528
1306894445.81,1.8688701,6.5710102,1168.84,-41.6,-2.8,215.2,287084.38,-51276.22,-1.0,106.42862494666099,6651088.366215431,6651088.366215431,23.692899718404206,7.769789387224691,84.10000000000001,38.51621943689885
1306894446.02,1.8687373,6.570845,1165.53,-45.9,-1.8,214.4,287074.94,-51295.2,-1.0,109.67965931437591,7998425.013140657,7998425.013140657,23.4723547961,8.135116752752966,85.7,38.490865106190185
1306894446.23,1.8686136,6.5706859,1162.27,-48.8,-1.3,213.5,287066.19,-51313.46,-1.0,105.28939110777452,9925005.056104282,9925005.056104282,24.632820432820957,7.850351681580078,86.4,38.46590885072212
1306894446.44,1.8684919,6.5705228,1158.9,-50.5,-1.4,212.3,287057.59,-51332.16,-1.0,107.051092933193,11197235.707927652,11197235.707927652,24.1335168714589,7.6924474322750696,87.50000000000001,38.43924546489535
1306894446.65,1.8683702,6.5703524,1155.34,-51.2,-1.7,211.3,287049.06,-51351.66,-1.0,110.611927284143,12430747.01427472,12430747.01427472,25.54645381397733,7.8401953717659145,90.0,38.41067591108958
1306894448.34,1.8675719,6.5689128,1124.54,-56.5,-1.7,200.7,286995.22,-51515.37,-1.0,112.0485849745473,13923341.700204613,13923341.700204613,27.573084906620625,7.697400413772966,93.30000000000001,38.359324205052836
1306894448.55,1.8674981,6.5687228,1120.47,-56.7,-1.7,199.3,286990.63,-51536.83,-1.0,115.34753096221249,14365675.416640176,14365675.416640176,29.474588073086345,7.34199802257459,94.20000000000003,38.30563763462414
1306894448.76,1.8674313,6.5685327,1116.4,-57.1,-1.3,197.8,286986.59,-51558.26,-1.0,114.82875858985429,16394632.302296877,16394632.302296877,27.94666977160462,7.197804396342286,92.10000000000002,38.24957792333805
1306894448.97,1.8673703,6.5683381,1112.23,-57.3,-1.3,196.3,286983.03,-51580.16,-1.0,116.817145783018,18851126.5167382,18851126.5167382,28.653098600406068,7.13435834541923,91.50000000000001,38.1945440213258
1306894449.18,1.8673171,6.5681447,1108.1,-57.5,-1.3,194.7,286980.09,-51601.91,-1.0,115.7899704563857,20629051.99888071,20629051.99888071,29.0366768191685,6.881950146115389,90.10000000000001,38.14560373261189
1306894449.39,1.8672704,6.5679479,1103.9,-57.6,-1.3,193.2,286977.69,-51623.98,-1.0,117.14848911103108,21857147.211728167,21857147.211728167,28.6015189987466,7.0169695122836995,90.30000000000001,38.09589025929605
1306894451.09,1.8671634,6.5663314,1069.34,-57.6,-1.3,180.2,286979.94,-51804.05,-1.0,117.89162457236509,22532713.57711493,22532713.57711493,27.64695147015313,6.706201617358727,89.80000000000001,38.022253995079076
1306894451.3,1.8671846,6.5661298,1065.0,-57.6,-1.3,178.5,286982.94,-51826.36,-1.0,119.53257380293921,20589431.801500063,20589431.801500063,28.445332456349366,6.654328762966578,89.9,37.94779095920856
1306894451.51,1.8672144,6.5659216,1060.5,-57.6,-1.3,176.9,286986.69,-51849.34,-1.0,123.3490769086045,18447389.699420385,18447389.699420385,27.657277164419444,6.828867979840572,91.3,37.87246287521906
1306894451.72,1.8672504,6.5657245,1056.22,-57.6,-1.3,175.2,286990.88,-51871.07,-1.0,117.81035431549208,17942455.99283423,17942455.99283423,27.07700497612901,6.906430406658184,88.9,37.79658361012719
1306894451.93,1.8672958,6.5655192,1051.74,-57.6,-1.3,173.6,286995.84,-51893.65,-1.0,122.64931710166692,15537799.299740909,15537799.299740909,26.763392380650515,6.863892021852981,85.9,37.740853076443905
1306894452.14,1.8673463,6.5653262,1047.51,-57.6,-1.3,171.9,287001.13,-51914.85,-1.0,116.53242191344101,15696843.216889247,15696843.216889247,27.30950144391154,6.879849082918455,85.10000000000001,37.685000058071196
1306894453.62,1.8679229,6.5639551,1016.29,-57.6,-1.4,160.3,287056.0,-52064.43,-1.0,120.3188209932398,13620488.605353124,13620488.605353124,28.100168376642035,7.1695400697314025,85.20000000000002,37.608362918963586
1306894455.36,1.8690686,6.5624859,979.92,-52.7,-3.6,146.3,287156.75,-52222.2,-1.0,120.02137880219642,10893346.941755256,10893346.941755256,27.703394679825895,7.34090600495583,85.4,37.507075736111446
1306894455.58,1.869245,6.5623136,975.27,-47.0,-5.2,145.2,287171.91,-52240.5,-1.0,120.17742465227855,8321116.187377733,8321116.187377733,28.253334913201016,7.66311966895038,88.30000000000001,37.40539047801872
1306894455.81,1.8694386,6.5621301,970.12,-39.8,-5.9,144.4,287188.5,-52259.96,-1.0,123.46950328614295,6962147.837512483,6962147.837512483,26.331371440537744,7.7685956310043816,87.0,37.302977967082576
1306894456.03,1.8696133,6.5619683,965.41,-34.3,-5.6,143.8,287203.47,-52277.11,-1.0,115.67845461948377,8158385.680936553,8158385.680936553,25.53142792734956,7.725393825831253,85.6,37.22341650601521
1306894456.24,1.8697927,6.5618056,960.58,-29.1,-5.1,143.1,287218.78,-52294.33,-1.0,122.0794525100668,9954493.508134717,9954493.508134717,24.40215672785323,7.776853927544541,85.5,37.14347993558652
1306894456.45,1.8699648,6.5616525,956.02,-24.9,-4.6,142.5,287233.47,-52310.51,-1.0,116.24849381574553,11663733.438741852,11663733.438741852,23.627133947936166,7.801889292014516,84.80000000000001,37.063497433399284
1306894456.66,1.8701446,6.5614955,951.38,-20.4,-4.2,142.0,287248.78,-52327.11,-1.0,119.69780475916902,11140589.653159846,11140589.653159846,23.982337552773508,7.604785557949452,86.5,36.98323934066088
1306894458.37,1.8715811,6.5602279,918.06,-2.0,-3.0,143.0,287371.28,-52461.09,-1.0,117.90816615853329,7635094.722693749,7635094.722693749,22.12568578377264,7.630742684947738,87.10000000000002,36.88090338265563
1306894458.59,1.871762,6.5600612,914.12,-2.2,-3.0,143.0,287386.78,-52478.75,-1.0,118.36285347603386,4912561.951624813,4912561.951624813,22.449823489040124,7.7135018712259,86.70000000000002,36.77878942814994
1306894458.8,1.8719329,6.5599038,910.45,-1.8,-2.9,142.9,287401.38,-52495.42,-1.0,117.03244082617101,3008187.1008172897,3008187.1008172897,23.578355592552427,7.537719602554966,88.40000000000002,36.697765806102694
1306894459.01,1.8720993,6.5597505,906.91,-1.3,-2.8,142.9,287415.63,-52511.67,-1.0,114.3660701379729,4830304.959565443,4830304.959565443,22.10130220330603,7.719050257078608,86.7,36.64187451126455
1306894459.22,1.8722677,6.5595951,903.36,-0.9,-2.7,142.8,287430.03,-52528.12,-1.0,115.54953808397397,6003024.66792971,6003024.66792971,20.695780535268185,7.731624809985636,83.8,36.586825298666135
1306894459.43,1.8724381,6.5594379,899.8,-0.8,-2.6,142.8,287444.59,-52544.78,-1.0,116.79946903763125,7334026.833012177,7334026.833012177,21.857875880167693,7.456778346430427,84.3,36.53299327766875
1306894459.65,1.8726136,6.5592757,896.16,-0.9,-2.5,142.8,287459.63,-52561.96,-1.0,115.18161315443413,7539682.011278771,7539682.011278771,23.382483948490037,7.534400925597699,84.60000000000001,36.47998037303183
1306894460.91,1.8736171,6.5583461,876.05,-0.9,-1.9,142.5,287545.5,-52660.46,-1.0,115.02977684886807,7456470.228300286,7456470.228300286,25.074146931899996,7.726403009226826,81.30000000000001,36.41527018055589
1306894462.38,1.8747616,6.557281,854.6,-0.3,-1.1,142.5,287643.47,-52773.34,-1.0,112.840304772813,7075071.850213876,7075071.850213876,25.175633295620138,7.821727673716098,81.50000000000001,36.33763019805371
1306894462.59,1.8749242,6.557129,851.68,-0.3,-1.0,142.3,287657.41,-52789.45,-1.0,112.53014782535134,6729422.12320983,6729422.12320983,25.77776149759505,7.802904752058377,80.30000000000001,36.26130692596272
1306894462.8,1.8750848,6.5569787,848.83,-0.3,-0.9,142.3,287671.16,-52805.38,-1.0,111.26310677929428,6228209.295430168,6228209.295430168,27.309341533304398,7.61893786980607,80.39999999999999,36.20830933191197
1306894463.02,1.8752549,6.5568194,845.84,-0.3,-0.8,142.3,287685.72,-52822.27,-1.0,112.41258286689984,6137935.4706275435,6137935.4706275435,25.153868366953912,7.669611550075744,83.39999999999999,36.15603899070462
1306894463.23,1.8754122,6.5566719,843.11,-0.2,-0.7,142.3,287699.19,-52837.9,-1.0,109.2594865585385,6174104.872108884,6174104.872108884,25.14435078556498,7.746209258374615,82.40000000000002,36.10448824704758
1306894463.44,1.8755736,6.5565205,840.35,-0.2,-0.6,142.3,287713.03,-52853.96,-1.0,111.95732785031451,5860555.440676118,5860555.440676118,26.21026930314264,7.6028442582447155,81.50000000000001,36.053534616251426
1306894463.65,1.8757322,6.5563715,837.66,-0.2,-0.4,142.3,287726.63,-52869.76,-1.0,110.24880447058104,5779449.727143643,5779449.727143643,25.66309082317299,7.315217269238467,84.2,36.003239340660876
1306894464.91,1.8767002,6.5554891,822.26,-4.3,0.3,139.9,287809.38,-52963.17,-1.0,109.90532746580662,5742601.901991847,5742601.901991847,25.63301150221186,7.486017962664025,86.00000000000001,35.943880198053705
1306894465.12,1.8768647,6.5553467,819.84,-3.7,0.4,139.8,287823.38,-52978.21,-1.0,108.55478728677257,5554000.465718906,5554000.465718906,24.84864774928474,7.659328850784834,86.10000000000001,35.88545500120331
1306894465.33,1.8770295,6.555204,817.45,-2.3,0.5,139.8,287837.41,-52993.28,-1.0,108.73998478911949,4926441.789150475,4926441.789150475,21.889238318635186,7.641062257381245,87.10000000000001,35.8405949837055
1306894465.54,1.8771914,6.5550636,815.13,-0.9,0.6,139.9,287851.22,-53008.11,-1.0,107.1640689794163,4315779.323739821,4315779.323739821,22.430938046292926,7.4167278752329615,85.00000000000001,35.81037954188572
1306894465.75,1.8773548,6.5549213,812.82,-0.4,0.7,139.9,287865.13,-53023.14,-1.0,108.18624027679122,3626021.0207632543,3626021.0207632543,20.19285969499876,7.581973859873057,87.50000000000001,35.780631072944345
1306894465.96,1.8775184,6.5547786,810.55,-0.5,0.8,140.0,287879.06,-53038.21,-1.0,108.37257706029098,3127469.6354606235,3127469.6354606235,20.26336513662815,7.767721663574713,89.0,35.751326611002085
1306894466.17,1.8776759,6.5546409,808.38,-0.9,0.9,140.0,287892.5,-53052.76,-1.0,104.94360292728773,3181009.4374707476,3181009.4374707476,21.327735079943192,7.7326924763844,89.5,35.72264988309308
1306894467.44,1.8786394,6.5537956,795.86,-0.2,1.6,140.0,287974.66,-53142.07,-1.0,106.13114983092655,3726869.849124015,3726869.849124015,21.325838318229284,7.527495202700489,91.00000000000001,35.68647862325055
1306894467.65,1.8788036,6.553651,793.85,-0.3,1.7,140.0,287988.66,-53157.36,-1.0,109.26520078312626,4251148.203415739,4251148.203415739,21.99618935542984,7.4030022959802775,91.00000000000001,35.65088151038966
1306894468.91,1.8797295,6.5528324,783.15,-0.3,2.5,140.0,288067.66,-53243.88,-1.0,103.46800090210789,4808370.970651177,4808370.970651177,23.045059658593384,7.394772174758987,90.19999999999999,35.60915250776498
1306894469.12,1.8798851,6.5526945,781.47,-0.3,2.6,140.0,288080.94,-53258.47,-1.0,104.3926939649054,5263109.411328884,5263109.411328884,22.637372335471145,7.4746323481941115,88.19999999999999,35.57792656725754
1306894469.33,1.8800422,6.552555,779.8,-0.3,2.7,140.0,288094.34,-53273.21,-1.0,105.30074065239359,5340048.301481856,5340048.301481856,21.592062660317573,7.209980078111939,87.30000000000001,35.54727477373174
1306894469.54,1.8801878,6.5524256,778.29,-0.3,2.9,140.0,288106.75,-53286.89,-1.0,98.36598976970761,5911453.037008378,5911453.037008378,22.90685003643559,7.142856426946902,87.60000000000001,35.51729664599771
1306894469.75,1.8803392,6.5522909,776.75,-0.0,3.0,140.0,288119.69,-53301.14,-1.0,102.06809505816337,5447406.942262811,5447406.942262811,23.223992551758563,7.2561727489519665,90.30000000000001,35.48791563112457
1306894469.96,1.8804928,6.552154,775.22,-0.0,3.1,140.0,288132.78,-53315.61,-1.0,103.32315579580309,5198916.80108303,5198916.80108303,25.24418111704457,7.176880572746055,89.70000000000002,35.45913172911232
1306894470.17,1.880642,6.5520207,773.76,0.1,3.2,140.1,288145.53,-53329.71,-1.0,100.91545392604628,5100336.003204592,5100336.003204592,24.65340196354317,7.217367111916343,88.80000000000003,35.430967905840234
1306894471.43,1.8815234,6.5512252,765.77,0.1,4.1,140.4,288220.84,-53413.88,-1.0,100.01054793360791,4598500.858472128,4598500.858472128,24.72626331673033,7.132406195752078,86.1,35.39834870199071
1306894471.64,1.8816685,6.5510928,764.56,0.5,4.2,140.5,288233.25,-53427.9,-1.0,99.51674857317093,4446632.588685454,4446632.588685454,25.015754909842848,7.081294842643715,85.80000000000001,35.37438763462414
1306894472.9,1.8825105,6.5503148,758.16,0.5,5.1,140.9,288305.31,-53510.32,-1.0,97.23371381319805,4533575.097142951,4533575.097142951,25.15570149987747,6.98063772171786,89.60000000000002,35.34706589359177
1306894473.11,1.8826473,6.5501866,757.22,0.5,5.2,141.0,288317.03,-53523.91,-1.0,95.79632532496174,4477282.540438004,4477282.540438004,24.308832513528458,7.005485956120744,90.00000000000001,35.32721571861364
1306894473.32,1.8827845,6.5500575,756.31,0.8,5.4,141.1,288328.78,-53537.59,-1.0,96.21345529020863,4522456.59497055,4522456.59497055,23.50512872875877,6.921966677660686,91.60000000000001,35.30795500120331
1306894473.53,1.8829186,6.5499308,755.45,0.8,5.5,141.2,288340.28,-53551.04,-1.0,94.6066303899298,4636481.949596711,4636481.949596711,24.20060582213289,7.274184032701346,92.5,35.28931436253315
1306894473.74,1.8830518,6.5498044,754.62,0.8,5.7,141.3,288351.69,-53564.44,-1.0,94.1485334470393,4629895.321124274,4629895.321124274,23.93047590003262,7.324745562577466,93.8,35.271194283792994
1306894473.95,1.8831851,6.5496773,753.82,0.9,5.8,141.4,288363.13,-53577.93,-1.0,94.56749105618226,4564773.418909954,4564773.418909954,23.24562416533744,7.080738531904698,91.30000000000001,35.25364069674137
1306894474.16,1.8833162,6.5495517,753.07,0.9,6.0,141.5,288374.38,-53591.25,-1.0,93.36386569087351,4402640.228097452,4402640.228097452,22.94331299611786,6.990380631470859,91.7,35.23668422255064
1306894475.43,1.8840878,6.5487986,749.25,1.2,7.0,142.3,288440.69,-53671.24,-1.0,92.16133779730364,4207232.758766465,4207232.758766465,21.63469380692395,7.075207927053372,91.4,35.21792109919106
1306894475.64,1.8842128,6.548674,748.73,1.2,7.2,142.4,288451.44,-53684.49,-1.0,91.61561135776826,3988178.8239788017,3988178.8239788017,21.31012531071032,7.338695484232695,94.30000000000001,35.20487647976849
1306894475.85,1.8843356,6.5485507,748.26,1.3,7.3,142.5,288462.03,-53697.59,-1.0,90.58121579645643,3951688.740326227,3951688.740326227,21.221925942224576,7.647858398609,93.0,35.19239835203445
1306894476.06,1.8844592,6.5484262,747.81,1.3,7.5,142.6,288472.69,-53710.84,-1.0,91.35025011109575,3886344.589046679,3886344.589046679,20.982393072556913,7.984316557333327,90.69999999999999,35.184475123688
1306894476.27,1.8845779,6.5483062,747.42,1.2,7.6,142.7,288482.91,-53723.6,-1.0,88.2219261658294,3908080.3234425713,3908080.3234425713,23.109340430735216,8.059357634864819,88.79999999999998,35.176972936461404
1306894476.48,1.8846999,6.5481827,747.05,1.0,7.7,142.7,288493.41,-53736.74,-1.0,90.4672246575027,3896039.087088698,3896039.087088698,25.330099689514338,8.134329186261805,90.5,35.16988413506158
1306894476.69,1.8848248,6.5480562,746.71,0.8,7.8,142.7,288504.19,-53750.2,-1.0,92.48256286386237,3811653.9286590903,3811653.9286590903,24.59698601535306,8.039830589647236,91.6,35.16319340890235
1306894477.95,1.885556,6.5473164,745.25,0.2,2.8,142.7,288567.19,-53828.89,-1.0,90.36190936466605,3707521.1825143294,3707521.1825143294,25.655203744716196,7.808585955213945,91.5,35.15602039927856
1306894478.16,1.8856804,6.5471907,744.66,0.2,0.1,142.7,288577.91,-53842.27,-1.0,92.03509543995541,3724560.5389674767,3724560.5389674767,26.548536924059146,8.093509060046182,91.7,35.149008150809614
1306894479.45,1.8864214,6.5464403,734.22,0.2,-3.7,142.7,288641.78,-53922.09,-1.0,89.9653134569848,4185661.9485320835,4185661.9485320835,25.574224903777942,8.063940491844448,89.60000000000001,35.13457792333804
1306894479.87,1.886662,6.5461956,728.66,0.2,-4.0,142.7,288662.53,-53948.13,-1.0,90.6089456735125,4921437.126141459,4921437.126141459,25.855453554099988,7.792882178025969,92.10000000000001,35.118815674869104
1306894480.08,1.8867794,6.546076,725.65,0.2,-4.2,142.7,288672.66,-53960.86,-1.0,88.99456594013702,5177329.168986686,5177329.168986686,24.93620317913637,7.684004325242865,91.30000000000001,35.101147258421165
1306894480.29,1.8869003,6.5459525,722.39,0.2,-4.3,142.7,288683.06,-53974.0,-1.0,91.4938440731161,4806351.396265374,4806351.396265374,23.24753168546578,7.487540939307948,89.7,35.08134301520157
1306894480.5,1.8870164,6.5458339,719.11,0.2,-4.4,142.7,288693.09,-53986.63,-1.0,88.55523878401159,4816540.486971963,4816540.486971963,24.117612690425062,7.206437011740312,89.30000000000001,35.05937232403796
1306894480.71,1.8871355,6.5457119,715.62,0.2,-4.5,142.7,288703.34,-53999.6,-1.0,90.62879542708289,3986845.6683742297,3986845.6683742297,24.198486422398947,7.1217428075693805,91.5,35.03502849201696
1306894481.97,1.887837,6.5449897,693.37,0.2,-4.2,142.7,288763.91,-54076.49,-1.0,89.81358848349595,3892308.8401888115,3892308.8401888115,23.090007171031033,7.173360525746951,90.8,34.993934878718626
1306894482.4,1.8880742,6.5447441,685.51,0.2,-3.9,142.7,288784.38,-54102.64,-1.0,89.50249561221531,4039477.158977307,4039477.158977307,24.830872741724328,7.057386063590661,88.8,34.94708448501783
1306894482.61,1.8881881,6.5446259,681.73,0.2,-3.8,142.7,288794.22,-54115.23,-1.0,88.33323508295916,4005851.386974983,4005851.386974983,24.203177951754824,7.25997078932692,87.8,34.89845806332055
1306894482.82,1.8883062,6.5445032,677.82,0.2,-3.6,142.7,288804.41,-54128.29,-1.0,91.19100970168317,3979557.732050847,3979557.732050847,24.041707769968003,7.06596708495836,89.5,34.84729008431792
1306894483.03,1.8884192,6.5443857,674.09,0.2,-3.4,142.7,288814.19,-54140.81,-1.0,87.85637618663058,4240313.86250198,4240313.86250198,23.605775296308167,7.04365350572055,89.6,34.801258806977586
1306894483.24,1.888536,6.5442641,670.26,0.2,-3.2,142.7,288824.25,-54153.76,-1.0,90.34283930721837,4045415.847864871,4045415.847864871,25.88380624397748,7.022306500971517,85.9,34.756551895341545
1306894483.87,1.8888791,6.5439062,659.2,0.2,-2.6,142.7,288853.91,-54191.88,-1.0,88.81256575190432,3982168.6712567103,3982168.6712567103,27.832027953411632,6.91597150356516,83.5,34.70568247276937
1306894484.09,1.8889988,6.5437812,655.43,0.2,-2.3,142.7,288864.25,-54205.2,-1.0,88.71494820029076,4259628.398377533,4259628.398377533,29.38060385004031,6.940727242230067,84.9,34.654422630249684
1306894484.31,1.889119,6.5436555,651.71,0.2,-2.1,142.7,288874.63,-54218.59,-1.0,89.02912230978355,4016534.220732758,4016534.220732758,27.458385402264884,7.2268995155243445,86.80000000000001,34.60282595483411
1306894484.52,1.889237,6.5435321,648.11,0.2,-1.8,142.7,288884.81,-54231.73,-1.0,91.1769370039168,4087218.335559528,4087218.335559528,25.82928476687656,7.3596680912667285,87.6,34.55114507119457
1306894484.73,1.8893478,6.5434161,644.79,-0.1,-1.6,142.7,288894.41,-54244.09,-1.0,86.3818458132316,4497306.067623821,4497306.067623821,26.387416233448313,7.162303105973992,88.3,34.51395565737129
1306894485.99,1.8900379,6.5426928,625.5,-0.1,-0.1,142.7,288954.06,-54321.15,-1.0,89.06692865705858,4067814.432677751,4067814.432677751,26.302850072246287,7.110396608122821,90.10000000000001,34.46801624354802
1306894486.41,1.8902706,6.5424486,619.58,-0.1,0.4,142.7,288974.16,-54347.16,-1.0,89.7808479693676,3660062.0826865328,3660062.0826865328,26.52366070727207,7.119157732011759,89.7,34.42043859700383
1306894486.62,1.8903804,6.5423334,616.89,-0.1,0.6,142.7,288983.66,-54359.44,-1.0,85.30298958543524,3589427.8978213114,3589427.8978213114,25.428398373804004,7.2711035264384485,89.10000000000001,34.373794896216424
1306894486.83,1.8904952,6.5422129,614.16,-0.1,0.9,142.7,288993.59,-54372.27,-1.0,88.61604546409669,2828582.0681300354,2828582.0681300354,27.885094751144283,7.468002619799545,91.4,34.32791672473786
1306894487.39,1.8908025,6.5418904,607.21,-0.1,0.8,142.7,289020.16,-54406.63,-1.0,88.83496206127366,2741286.6376147927,2741286.6376147927,25.563031023216702,7.682512107491968,92.4,34.27965010181573
1306894487.6,1.890918,6.5417693,604.73,-0.1,0.7,142.7,289030.13,-54419.54,-1.0,88.86611979198992,2689015.1537457765,2689015.1537457765,25.34677289768912,7.882585453528928,94.60000000000001,34.23795172036342
1306894487.81,1.8910324,6.5416493,602.36,-0.1,0.7,142.3,289040.03,-54432.32,-1.0,88.10638965405256,2651908.3444162277,2651908.3444162277,25.345020526054004,8.06598436367754,94.80000000000001,34.19732507994347
1306894488.02,1.8911485,6.5415275,600.02,-0.1,0.6,142.3,289050.06,-54445.3,-1.0,89.21385601492754,2805901.313387674,2805901.313387674,27.135142100511587,7.973404039565323,95.10000000000001,34.157754869969715
1306894488.23,1.891263,6.5414075,597.78,-0.1,0.5,142.3,289059.94,-54458.09,-1.0,88.01248265494505,3678538.0283313966,3678538.0283313966,28.910587218093415,7.7650790705851716,95.20000000000002,34.11922577985598
1306894489.49,1.8919532,6.5406845,585.79,-0.1,0.0,142.3,289119.59,-54535.11,-1.0,88.23018556871135,3604176.2102190307,3604176.2102190307,28.877099534469053,7.617333285059404,93.40000000000002,34.07405955063464
1306894489.91,1.892183,6.5404442,582.32,-0.1,0.2,142.3,289139.47,-54560.71,-1.0,87.9580581539286,3562923.264171411,3562923.264171411,27.593854894324288,7.841985244224612,94.30000000000001,34.04100399507907
1306894490.12,1.8922984,6.5403234,580.68,-0.1,0.3,142.3,289149.44,-54573.57,-1.0,88.23089260976236,3646849.879947183,3646849.879947183,26.405578504434523,7.909029480880074,92.80000000000001,34.011224904965346
1306894490.33,1.892414,6.5402027,579.09,-0.1,0.5,142.3,289159.44,-54586.43,-1.0,88.29328336037412,3218210.1327741398,3218210.1327741398,27.502545860789812,7.690131654174392,94.00000000000001,33.982287897091325
1306894490.54,1.8925312,6.5400803,577.54,-0.2,0.7,142.3,289169.56,-54599.47,-1.0,89.30303974432957,3142762.102810547,3142762.102810547,26.518776763264015,7.672253720874633,94.10000000000001,33.95425421380174
1306894490.75,1.8926452,6.5399613,576.09,-0.2,0.8,142.1,289179.41,-54612.14,-1.0,87.09053721826257,3331383.526497932,3331383.526497932,26.50420743205173,7.702071849260011,96.40000000000002,33.930430941710746
1306894491.17,1.8928782,6.5397182,573.29,-0.2,1.1,142.1,289199.53,-54638.04,-1.0,88.73356211338947,3309441.7237730967,3309441.7237730967,24.721226535860357,7.76621161903192,95.70000000000002,33.906362700240926
1306894492.01,1.8933416,6.5392355,568.36,-0.2,1.6,142.0,289239.56,-54689.44,-1.0,88.14599066887494,3266828.6447830973,3266828.6447830973,22.99318205687348,7.697330504767717,96.69999999999999,33.880334703740495
1306894492.23,1.8934625,6.5391098,567.2,-0.2,1.7,142.0,289250.03,-54702.84,-1.0,87.84337943296539,3318762.810015067,3318762.810015067,20.820125819956463,7.610700801051067,96.9,33.85521003182448
1306894493.49,1.8941599,6.5383859,561.45,-0.2,2.3,142.0,289310.25,-54779.91,-1.0,88.1307706761912,3071238.0055869897,3071238.0055869897,19.741783882746567,7.761172849484318,94.49999999999999,33.82739835203446
1306894493.91,1.8943937,6.5381439,559.84,-0.2,2.5,142.0,289330.44,-54805.68,-1.0,88.41300388244404,2961547.8679116736,2961547.8679116736,20.02510305294559,7.980763544742538,96.30000000000001,33.807532866470154
1306894494.12,1.8945123,6.5380212,559.08,-0.2,2.6,142.0,289340.69,-54818.75,-1.0,89.54972138662805,2983246.3425815646,2983246.3425815646,21.26765449218449,7.816133028263278,96.5,33.789741965332794
1306894494.33,1.8946266,6.5379031,558.38,-0.2,2.6,141.8,289350.56,-54831.32,-1.0,86.55078727928792,3097968.0456357733,3097968.0456357733,23.511998913628993,7.837855858073931,99.7,33.772670661745735
1306894494.54,1.894742,6.537784,557.7,-0.2,2.7,141.8,289360.53,-54844.01,-1.0,87.28888856047863,2945555.336036812,2945555.336036812,23.104785655290094,8.189278807523142,96.50000000000001,33.75629598982973
1306894494.75,1.8948585,6.5376636,557.05,-0.2,2.8,141.8,289370.59,-54856.82,-1.0,87.99747536506948,3033479.545509876,3033479.545509876,22.307083647735986,8.257156256402443,96.9,33.74061029429167
1306894496.46,1.8958102,6.5366846,552.77,-0.2,3.3,141.8,289452.72,-54961.04,-1.0,88.00947418698738,2938370.8760229037,2938370.8760229037,24.014705155611935,8.362024738751398,96.4,33.72275815080961
1306894496.88,1.8960438,6.5364451,551.96,-0.2,3.4,141.8,289472.88,-54986.52,-1.0,87.75127579219577,2812852.742430443,2812852.742430443,25.02265476085315,8.109622828280488,95.7,33.70642941065213
1306894497.72,1.8965117,6.5359667,550.57,-0.2,3.4,141.5,289513.25,-55037.43,-1.0,87.7329383412106,2830085.200106473,2830085.200106473,25.017247098346328,8.101882709241536,95.60000000000001,33.69281064424793
1306894498.99,1.8972236,6.5352416,548.97,-0.2,3.4,141.5,289574.66,-55114.58,-1.0,88.01455546961458,3041924.2830518885,3041924.2830518885,27.318348250463416,7.984208907337782,94.2,33.67885504494784
1306894499.43,1.8974692,6.5349922,548.53,-0.2,3.8,141.5,289595.84,-55141.11,-1.0,87.51767016261809,3127263.8009841996,3127263.8009841996,28.03179545713295,8.0165357737129,93.80000000000001,33.66896440627768
1306894499.86,1.89771,6.5347481,548.15,-0.2,3.8,141.3,289616.59,-55167.07,-1.0,87.64909245947872,3108808.554382103,3108808.554382103,27.217774178792496,7.83963498213743,90.9,33.660015368657376
1306894500.07,1.8978325,6.5346242,547.97,-0.2,3.8,141.3,289627.16,-55180.26,-1.0,90.84398692397399,3259680.399442735,3259680.399442735,27.05625547707189,7.91814640056019,91.30000000000001,33.6515103380362
1306894500.28,1.8979483,6.5345071,547.82,-0.2,3.9,141.3,289637.16,-55192.71,-1.0,86.39558289955723,3475819.5951996474,3475819.5951996474,24.77090164955228,7.806740760149946,89.50000000000001,33.643426348534895
1306894500.7,1.8981841,6.534269,547.53,-0.2,3.9,141.2,289657.47,-55218.04,-1.0,87.65735884505808,3225536.3482044227,3225536.3482044227,25.5410615819786,7.755059760473632,92.50000000000001,33.63564091546403
1306894501.12,1.8984218,6.5340294,547.27,-0.2,3.9,141.2,289677.94,-55243.52,-1.0,88.17071581063715,3185569.6655265614,3185569.6655265614,27.266529530555893,7.805204839536184,91.7,33.62815403882361
1306894501.75,1.8987765,6.5336725,546.94,-0.2,3.9,141.1,289708.53,-55281.46,-1.0,87.70457006623862,3205609.606887518,3205609.606887518,26.955552358688166,7.755348759315213,92.5,33.623691002953095
1306894503.02,1.8994969,6.5329508,546.45,-0.2,3.9,141.1,289770.56,-55358.19,-1.0,88.0318854939497,2824571.131285777,2824571.131285777,28.119651504110873,7.762309720145361,91.7,33.619472936461406
1306894503.45,1.8997417,6.5327065,546.32,-0.2,4.1,141.1,289791.66,-55384.17,-1.0,88.16883679203477,2633299.7835767134,2633299.7835767134,29.021563958909077,7.810037573854443,89.2,33.61621943689885
1306894503.67,1.8998636,6.5325849,546.27,-0.2,4.1,140.9,289802.16,-55397.09,-1.0,86.01004461302067,2754671.198477428,2754671.198477428,28.474515727279694,7.826775398678131,90.7,33.614152507764985
1306894504.51,1.900338,6.5321133,546.09,-0.2,4.1,140.8,289843.0,-55447.21,-1.0,87.29671862440087,2615114.0876211403,2615114.0876211403,28.73015079277778,7.836418475104829,91.00000000000001,33.61228461625143
1306894505.36,1.9008255,6.5316305,545.96,-0.2,4.1,140.7,289884.97,-55498.52,-1.0,88.30996988334786,2520637.6479755547,2520637.6479755547,28.446486897875598,7.886831842423535,92.3,33.61060810706508
1306894505.57,1.900943,6.5315144,545.94,-0.2,4.1,140.7,289895.06,-55510.85,-1.0,86.19198895464797,2657979.747132587,2657979.747132587,27.358045791499446,8.006499465173155,92.2,33.60905408256814
1306894506.2,1.9013056,6.5311569,545.88,-0.2,4.1,140.6,289926.28,-55548.83,-1.0,88.3550371330734,2419467.7295417753,2419467.7295417753,27.9287213068896,8.035891439319553,94.5,33.607568955709
1306894507.06,1.9017955,6.5306756,545.82,-0.2,4.1,140.5,289968.44,-55599.96,-1.0,87.37036116625283,2402363.7399944696,2402363.7399944696,28.11020785413366,7.956557852492103,94.20000000000002,33.606259900590885
1306894507.27,1.9019159,6.5305576,545.81,-0.2,4.1,140.5,289978.78,-55612.48,-1.0,87.63218818993316,2420732.2758838227,2420732.2758838227,25.64780822709133,7.874375341475567,93.00000000000001,33.60514222779999
1306894508.96,1.90289,6.5296079,545.81,-0.2,4.1,140.5,290062.53,-55713.33,-1.0,87.86940947649309,2424536.423019949,2424536.423019949,25.660319169252293,7.907202501758016,92.90000000000002,33.604277179681
1306894510.43,1.9037368,6.5287891,545.81,-0.2,4.1,140.5,290135.28,-55800.23,-1.0,87.3857745239549,2501847.8371438724,2501847.8371438724,23.958306987369863,8.124503434666645,96.00000000000003,33.603787240923346
1306894510.85,1.9039843,6.528551,545.78,-0.2,4.1,140.0,290156.56,-55825.5,-1.0,88.93726515696535,2727091.089449843,2727091.089449843,23.504501352238915,7.793644477182999,98.8,33.60337385509657
1306894511.69,1.9044719,6.5280837,545.79,-0.2,4.1,139.9,290198.41,-55875.08,-1.0,87.51612562780039,2867096.2804300054,2867096.2804300054,22.87647964096535,8.03701029606759,96.60000000000001,33.603006401028324
1306894512.53,1.9049574,6.5276206,545.79,-0.2,4.1,139.9,290240.09,-55924.2,-1.0,86.95971727316225,3030668.6853306764,3030668.6853306764,21.616557543744904,8.112031223899066,98.19999999999999,33.602776742235676
1306894512.95,1.9052062,6.5273841,545.79,-0.2,4.1,139.7,290261.44,-55949.28,-1.0,88.6829985140929,3190525.1017517247,3190525.1017517247,22.606418547855107,8.012634566304394,98.70000000000002,33.60264660225318
1306894513.16,1.9053249,6.5272715,545.82,-0.2,4.1,139.7,290271.63,-55961.22,-1.0,85.00970471867413,3213494.2478283825,3213494.2478283825,23.472577819702778,7.993098528497913,96.9,33.60255473873612
1306894513.79,1.9056957,6.5269208,545.82,-0.2,4.1,139.6,290303.44,-55998.41,-1.0,87.93543575755504,2861632.199597818,2861632.199597818,23.120273439870317,7.771438838750279,94.80000000000001,33.60250880697759
1306894515.05,1.9064404,6.5262204,545.86,-0.2,4.1,139.4,290367.31,-56072.65,-1.0,87.97104313469649,2614672.3419855935,2614672.3419855935,23.924042265383676,7.587081301099409,94.9,33.602539428149946
1306894515.68,1.9068104,6.5258746,545.87,-0.2,4.1,139.3,290399.03,-56109.29,-1.0,87.16194528179636,2486011.5048053223,2486011.5048053223,24.847151559866628,7.350084432063446,95.3,33.602585359908474
1306894516.1,1.9070557,6.5256461,545.88,-0.2,4.1,139.2,290420.03,-56133.5,-1.0,86.54086393281932,2403140.341005896,2403140.341005896,22.997206577241137,7.245046489046502,92.9,33.60263894696009
1306894516.31,1.9071812,6.5255294,545.88,-0.2,4.1,139.2,290430.78,-56145.86,-1.0,88.2323874786876,2406179.967351814,2406179.967351814,24.864240346258526,7.0183354488261385,90.30000000000001,33.60269253401171
1306894516.73,1.9074314,6.5252974,545.89,-0.2,4.1,139.1,290452.22,-56170.43,-1.0,87.86424636911421,2483025.422060702,2483025.422060702,26.84257677998409,7.042941894703198,90.0,33.60277674223568
1306894517.57,1.9079306,6.5248365,545.89,-0.2,4.1,139.1,290494.97,-56219.25,-1.0,87.47024365838818,2636967.7057679687,2636967.7057679687,27.84443641728358,6.822457169019572,92.2,33.60285329516657
1306894518.0,1.9081845,6.5246032,545.91,-0.2,4.1,138.9,290516.72,-56243.95,-1.0,86.74738566068238,2865434.720840504,2865434.720840504,27.731754946851712,6.571776506137721,92.7,33.602945158683625
1306894518.42,1.9084353,6.5243734,545.91,-0.2,4.1,138.8,290538.19,-56268.27,-1.0,87.44530022141365,3279174.322354158,3279174.322354158,25.88498965492682,6.802042889911416,93.9,33.60303702220068
1306894518.63,1.908562,6.5242576,545.92,-0.2,4.1,138.8,290549.03,-56280.54,-1.0,88.1670343601907,3180126.5379248043,3180126.5379248043,24.498465019805163,6.827650189396132,95.9,33.603113575131566
1306894519.9,1.9093216,6.5235674,545.92,-0.2,4.1,138.5,290614.0,-56353.57,-1.0,87.15829048765771,3121288.8339947904,3121288.8339947904,25.386093559381358,6.938361446347908,95.0,33.60319012806245
1306894520.53,1.9097031,6.5232234,545.92,-0.2,4.1,138.4,290646.63,-56389.95,-1.0,87.7483638873401,3079075.181622772,3079075.181622772,22.7613551339707,7.142429992779549,93.5,33.60323605982098
1306894520.95,1.9099599,6.5229929,545.92,-0.2,4.1,138.3,290668.59,-56414.33,-1.0,88.29382398319815,3071484.8906676136,3071484.8906676136,24.187340056731774,7.245460707504045,94.8,33.60327433628642
1306894521.37,1.9102106,6.5227687,545.92,-0.2,4.1,138.2,290690.0,-56438.04,-1.0,86.22998281023393,3066780.4489123197,3066780.4489123197,24.350799092958113,7.2883980247292905,97.0,33.60330495745877
1306894521.79,1.9104654,6.5225416,545.92,-0.2,4.1,138.1,290711.78,-56462.05,-1.0,87.34174135069675,3013099.386210517,3013099.386210517,21.868433424345216,7.423957007840095,97.6,33.603335578631125
1306894522.21,1.9107239,6.5223121,545.92,-0.2,4.1,138.0,290733.84,-56486.3,-1.0,88.20723106821552,2927496.069644255,2927496.069644255,20.29556904442361,7.587329313486121,95.6,33.603358544510385
1306894523.06,1.9112414,6.5218554,545.92,-0.2,4.1,137.8,290778.03,-56534.55,-1.0,87.1166346603031,2884306.4146069856,2884306.4146069856,20.387226925579185,7.7203409838848,92.4,33.60338151038965
1306894523.48,1.9114974,6.5216309,545.92,-0.2,4.1,137.7,290799.88,-56558.27,-1.0,86.91828444445062,2745363.279752687,2745363.279752687,20.871140261535665,7.720407887563137,92.3,33.60338916568274
1306894523.69,1.9116275,6.5215172,545.92,-0.6,4.1,137.7,290811.0,-56570.27,-1.0,88.02641546458086,2688296.9817647776,2688296.9817647776,20.724708283461407,7.650624018495843,90.30000000000001,33.603396820975824
1306894524.96,1.9124101,6.5208383,545.92,-0.6,4.1,137.3,290877.72,-56641.94,-1.0,87.21530236395687,2804765.3484511487,2804765.3484511487,22.402747829352446,7.392049483569926,90.6,33.603396820975824
1306894525.17,1.9125414,6.5207254,545.92,-0.6,4.1,137.3,290888.91,-56653.86,-1.0,87.95207157298705,2828957.034803546,2828957.034803546,23.04725326272489,7.4510333457144196,93.7,33.603396820975824
1306894525.38,1.9126684,6.5206163,545.92,-0.6,4.1,137.2,290899.75,-56665.37,-1.0,85.38505726635995,2882720.938789152,2882720.938789152,24.313764449327515,7.417569835937201,92.3,33.603396820975824
1306894525.8,1.9129324,6.5203905,545.92,-0.6,4.1,137.1,290922.25,-56689.19,-1.0,88.10194919144183,2761034.003659819,2761034.003659819,22.23700990547761,7.620224007209617,91.6,33.603396820975824
1306894526.22,1.9131903,6.520171,545.92,-0.7,4.1,137.1,290944.22,-56712.33,-1.0,86.05160840898941,2605503.102959524,2605503.102959524,23.538481646574457,7.33870435367354,91.1,33.603396820975824
1306894527.07,1.9137253,6.5197193,545.92,-0.7,4.1,136.7,290989.75,-56759.95,-1.0,87.57493589295225,2369829.4606414214,2369829.4606414214,25.101885082881505,7.153899011687083,90.9,33.603396820975824
1306894527.91,1.9142522,6.5192794,545.92,-0.8,4.1,136.4,291034.56,-56806.29,-1.0,86.7850436972816,2260239.9061337784,2260239.9061337784,24.640670922284947,7.21941847801328,93.40000000000002,33.603396820975824
1306894528.54,1.914653,6.5189482,545.95,-0.8,4.1,136.2,291068.66,-56841.16,-1.0,87.43898431790082,2285039.2986966902,2285039.2986966902,23.19533198635718,7.118641242730528,96.30000000000001,33.60341978685509
1306894528.97,1.9149265,6.5187241,545.95,-0.8,4.1,136.0,291091.88,-56864.75,-1.0,86.98926730061483,2328360.283786273,2328360.283786273,22.103938341571116,7.284862853041321,93.2,33.60344275273436
1306894529.18,1.9150572,6.5186175,545.95,-0.9,4.1,135.9,291102.97,-56875.96,-1.0,85.09272298032961,2356549.5252307686,2356549.5252307686,23.08979746120941,7.269325836738371,92.0,33.60346571861363
1306894529.39,1.9151926,6.5185074,545.95,-0.9,4.1,135.8,291114.47,-56887.54,-1.0,87.70780097922015,2358440.3268394014,2358440.3268394014,22.959769000213292,7.438451713842858,88.39999999999999,33.603488684492895
1306894529.81,1.9154617,6.5182899,545.95,-0.9,4.1,135.8,291137.31,-56910.41,-1.0,86.93984757688962,2373967.7041821126,2373967.7041821126,22.802786772175878,7.389777405832103,85.50000000000001,33.60351165037216
1306894530.24,1.9157383,6.5180679,545.94,-1.0,4.1,135.5,291160.78,-56933.74,-1.0,86.92864719532749,2303181.057762124,2303181.057762124,22.45789328530308,7.334334516661307,85.4,33.60352696095834
1306894531.09,1.9162886,6.5176317,545.94,-1.1,4.1,135.0,291207.44,-56979.56,-1.0,86.8811934648438,2301938.362455293,2301938.362455293,24.150123361185774,7.377893643128404,84.30000000000001,33.60354227154452
1306894531.52,1.9165675,6.5174134,545.94,-1.1,4.1,134.8,291231.09,-57002.47,-1.0,86.49257358599891,2381238.2175738337,2381238.2175738337,24.581969878020452,7.558637476888179,84.0,33.60355758213069
1306894531.94,1.9168439,6.5171992,545.92,-1.1,4.1,134.6,291254.5,-57024.95,-1.0,87.17507280055602,2467800.984285841,2467800.984285841,25.259091397865227,7.65074033179581,84.2,33.60355758213069
1306894532.15,1.916982,6.5170929,545.92,-1.1,4.1,134.4,291266.19,-57036.09,-1.0,86.77918361847979,2401841.45313795,2401841.45313795,26.402980574842605,7.441630546980369,84.5,33.60355758213069
1306894532.36,1.9171204,6.516987,545.92,-1.3,4.1,134.3,291277.88,-57047.2,-1.0,86.67539503515266,2327232.0628273874,2327232.0628273874,26.621864503424906,7.333704149158779,82.60000000000001,33.60353461625142
1306894532.78,1.9173991,6.5167754,545.92,-1.4,4.1,134.0,291301.44,-57069.37,-1.0,86.88407155671784,2243832.621228487,2243832.621228487,26.97680415714614,7.359024285883272,86.00000000000001,33.603511650372155
1306894533.2,1.9176774,6.5165665,545.9,-1.4,4.1,133.7,291324.97,-57091.24,-1.0,86.31903844386069,2113390.4798256895,2113390.4798256895,26.06668688682549,7.5477262564421315,85.60000000000001,33.603473373906716
1306894533.62,1.9179594,6.5163574,545.89,-1.6,4.1,133.4,291348.78,-57113.11,-1.0,86.78298922681735,2076789.4068018997,2076789.4068018997,27.10088181673389,7.577307676955403,88.9,33.60342744214818
1306894533.83,1.9181001,6.5162541,545.89,-1.6,4.1,133.2,291360.66,-57123.91,-1.0,86.24019137487993,2057026.488033072,2057026.488033072,27.6622652190468,7.582860773042197,89.2,33.60338151038966
1306894534.25,1.9183837,6.5160482,545.87,-1.8,4.1,132.8,291384.59,-57145.42,-1.0,86.37215634062494,2019909.2225041585,2019909.2225041585,28.956205465882636,7.767348409694714,92.4,33.603327923338036
1306894535.09,1.9189624,6.5156383,545.84,-2.1,4.1,131.9,291433.31,-57188.18,-1.0,86.87889028945058,1977012.6403434607,1977012.6403434607,29.728717048851127,7.502609600235102,93.10000000000002,33.60325137040716
1306894535.51,1.9192547,6.5154372,545.81,-2.4,4.1,131.4,291457.91,-57209.11,-1.0,86.54150738454258,1923573.1340941791,1923573.1340941791,29.781850673926925,7.522877774629744,91.60000000000001,33.60315185159701
1306894535.93,1.9195465,6.515241,545.78,-2.7,4.1,130.8,291482.41,-57229.52,-1.0,85.51559062322903,1825029.7080602692,1825029.7080602692,30.087416212487064,7.738885358273405,90.10000000000001,33.60304467749377
1306894536.15,1.9197001,6.5151397,545.76,-2.9,4.1,130.4,291495.31,-57240.03,-1.0,85.17544750332685,1736987.519639978,1736987.519639978,29.894983481393155,7.797817352924151,90.70000000000002,33.60292219280436
1306894536.36,1.9198503,6.515042,545.74,-3.1,4.1,130.0,291507.91,-57250.16,-1.0,86.49436574203952,1618349.2746586637,1618349.2746586637,28.684705424434647,7.94431727224386,91.10000000000001,33.602784397528765
1306894536.78,1.920154,6.5148494,545.69,-3.6,4.1,129.2,291533.31,-57270.11,-1.0,86.35259008481147,1383059.4450778067,1383059.4450778067,28.080005551917445,7.932457675014036,87.7,33.60260832578774
1306894537.2,1.9204616,6.5146613,545.62,-4.2,4.1,128.1,291559.03,-57289.52,-1.0,86.07550787056023,1187119.6630386985,1187119.6630386985,29.59088224645615,7.9135610523605235,87.80000000000001,33.60239397758126
1306894537.62,1.920774,6.5144787,545.52,-4.9,4.1,126.9,291585.09,-57308.31,-1.0,85.7383248149409,955909.868460572,955909.868460572,28.252234105848217,7.680560274621656,85.7,33.602110731737
1306894537.83,1.9209325,6.5143896,545.46,-5.3,4.1,126.3,291598.28,-57317.45,-1.0,85.55955525080266,726096.1992829446,726096.1992829446,25.718760170528437,7.643452113695501,85.00000000000001,33.60178155413419
1306894538.25,1.9212556,6.5142161,545.3,-6.3,4.1,124.7,291625.13,-57335.16,-1.0,85.59977831574909,507887.1642628257,507887.1642628257,25.63421534433215,7.2687609808072144,85.60000000000001,33.601345202428156
1306894539.09,1.9219207,6.5138964,544.79,-8.5,4.0,120.9,291680.13,-57367.48,-1.0,84.66255873145757,434145.8777853806,434145.8777853806,25.102668376724324,7.524729102671936,83.9,33.60054139665388
1306894539.51,1.9222698,6.5137493,544.4,-9.4,4.0,118.9,291708.88,-57382.15,-1.0,85.1933555326558,616775.7225417413,616775.7225417413,24.294421043113307,7.535194114069665,86.10000000000001,33.59946200032842
1306894539.93,1.9226253,6.5136132,543.92,-9.9,4.0,116.8,291738.03,-57395.56,-1.0,84.47444970363316,1008790.5770536965,1008790.5770536965,24.159464387998284,7.292012994184484,88.60000000000002,33.598038115813985
1306894540.14,1.9228046,6.5135495,543.66,-10.0,4.0,115.8,291752.72,-57401.78,-1.0,83.83306046790241,1533907.483859665,1533907.483859665,24.295114074871606,7.277255383602991,85.30000000000001,33.59643050426543
1306894540.35,1.9229846,6.5134884,543.38,-10.0,4.0,115.0,291767.44,-57407.7,-1.0,83.29437331294471,1976591.8466031777,1976591.8466031777,25.153317939831137,7.478364105263323,86.60000000000001,33.59462385509657
1306894540.77,1.9233581,6.5133674,542.84,-8.5,4.0,114.3,291797.94,-57419.35,-1.0,85.3411583154396,2433439.1065036855,2433439.1065036855,27.25427214793485,7.610361323031458,88.1,33.592442096566394
1306894541.4,1.9239052,6.5131918,542.26,-1.1,4.0,114.3,291842.59,-57436.23,-1.0,83.35282407328708,2665843.4343604366,2665843.4343604366,27.183553888536654,7.524395846374394,90.1,33.5898699180887
1306894541.82,1.9242712,6.5130741,541.98,16.0,5.4,114.6,291872.47,-57447.55,-1.0,83.66266463321774,2722773.5166319786,2722773.5166319786,25.91779900997737,7.6673448310070595,90.4,33.58715994433542
1306894542.24,1.9246339,6.5129522,541.98,29.4,7.6,116.0,291902.13,-57459.36,-1.0,83.71655211000635,2612845.00001806,2612845.00001806,26.980682508112693,7.854007945208306,90.9,33.58449590234067
1306894543.08,1.9253399,6.5126814,542.51,37.1,8.4,119.9,291960.06,-57486.04,-1.0,84.00412075467509,2391960.0877804826,2391960.0877804826,27.665291071126383,8.046258360306862,89.50000000000001,33.582360075569014
1306894543.5,1.9256798,6.5125303,543.05,42.1,9.8,122.4,291988.09,-57501.2,-1.0,84.380472553823,2684832.852841583,2684832.852841583,26.21122984230652,7.833142185200983,90.30000000000001,33.58102805457164
1306894543.92,1.9260077,6.5123668,543.75,37.5,8.0,125.0,292015.25,-57517.78,-1.0,84.59702281359257,3431126.4905623486,3431126.4905623486,26.30421417589962,7.863039803591213,88.10000000000002,33.5805304605209
1306894544.13,1.9261678,6.5122811,544.11,23.7,5.6,125.8,292028.56,-57526.54,-1.0,84.90634215461425,4456374.534000198,4456374.534000198,24.289301449761123,7.750402633800977,89.30000000000001,33.58067591108958
1306894544.34,1.9263265,6.512194,544.43,4.8,3.0,126.1,292041.75,-57535.45,-1.0,84.89087997996513,5704438.87291654,5704438.87291654,23.405246031591528,7.877226981841288,91.0,33.58126536865738
1306894544.76,1.9266443,6.5120193,544.83,-16.6,4.6,125.8,292068.19,-57553.32,-1.0,85.06833544556032,6845182.761702428,6845182.761702428,22.866526945319244,7.658910027326374,90.5,33.58237538615519
1306894545.6,1.9272942,6.5116796,545.41,-28.5,7.0,123.6,292122.13,-57587.93,-1.0,85.24458487019466,7329661.289992567,7329661.289992567,22.658370681312398,7.669629232670013,91.30000000000001,33.5843427964789
1306894546.02,1.9276296,6.5115195,545.88,-37.4,9.1,121.6,292149.84,-57604.11,-1.0,85.10495771981965,7203878.311651237,7203878.311651237,23.518039526205598,7.565111657716491,90.20000000000002,33.58711401257689
1306894546.44,1.927975,6.5113703,546.56,-40.2,8.6,119.2,292178.31,-57619.02,-1.0,84.94381019899498,6155552.637816003,6155552.637816003,24.081048907639996,7.568181369481115,90.80000000000001,33.59062013681137
1306894546.65,1.9281462,6.5113022,546.92,-40.9,8.5,118.1,292192.38,-57625.77,-1.0,82.51651959736516,4431637.279776838,4431637.279776838,24.426604263586295,7.423505867673347,91.60000000000001,33.59440185159701
1306894546.86,1.9283237,6.5112354,547.3,-42.2,8.8,116.8,292206.94,-57632.34,-1.0,84.10616667852197,2772290.617738317,2772290.617738317,22.381709543007922,7.372140356421028,92.80000000000001,33.59806873698634
1306894547.28,1.928688,6.5111108,548.09,-45.2,9.8,114.1,292236.75,-57644.43,-1.0,84.3606448311143,1766898.8066649828,1766898.8066649828,21.515725559285137,7.545525122010523,93.20000000000002,33.60192700470288
1306894547.91,1.9292431,6.5109538,549.31,-47.0,9.5,109.9,292281.91,-57659.2,-1.0,82.68282650357283,2252341.7493435643,2252341.7493435643,22.199938679845577,7.385109671976912,92.0,33.60618334766001
1306894548.54,1.9298243,6.5108292,550.47,-48.1,9.6,105.6,292328.94,-57670.25,-1.0,83.26057476765038,2957326.558557346,2957326.558557346,21.525153559855074,7.552971573056489,89.20000000000002,33.61105211406421
1306894548.96,1.9302124,6.5107675,551.16,-48.8,9.6,102.6,292360.22,-57675.23,-1.0,81.37913150739166,3183105.2187695573,3183105.2187695573,21.56514263449745,7.383306908793591,90.60000000000001,33.61620412631268
1306894549.17,1.9304142,6.5107421,551.49,-48.9,9.5,101.2,292376.44,-57677.09,-1.0,83.30715561534016,3120550.061757635,3120550.061757635,21.842493192853443,7.381009919468937,89.60000000000001,33.62130255150953
1306894549.38,1.9306077,6.5107219,551.78,-49.0,9.4,99.6,292391.94,-57678.4,-1.0,79.38972889498275,3023945.050064611,3023945.050064611,21.195235244829348,7.26106359529099,87.5,33.62617897320681
1306894549.8,1.9310148,6.5106925,552.33,-49.3,9.4,96.6,292424.5,-57679.71,-1.0,82.46998329738172,3070679.4232804044,3070679.4232804044,20.23127186410411,7.43676036835484,89.7,33.63111663724881
1306894550.22,1.9314184,6.5106808,552.8,-49.5,9.3,93.6,292456.66,-57679.07,-1.0,80.9051082046178,3063608.4509792784,3063608.4509792784,20.857348643383013,7.39058676728211,90.80000000000003,33.635893540135946
1306894551.06,1.9322283,6.5106999,553.36,1.3,1.5,90.3,292520.91,-57673.05,-1.0,80.41545836330515,3469260.2987247193,3469260.2987247193,20.833866347904603,7.397740472637622,89.90000000000002,33.64082354888485
1306894551.48,1.9326348,6.5107147,553.17,16.2,3.7,90.7,292553.13,-57669.45,-1.0,80.60135896874577,3940784.2988555203,3940784.2988555203,21.367097590779345,7.2691604916976855,87.80000000000001,33.64531720592772
1306894551.69,1.9328384,6.5107208,553.03,17.9,4.2,91.1,292569.25,-57667.8,-1.0,80.66702874943832,4211108.753992529,4211108.753992529,21.516550172382946,7.3216602828558095,86.80000000000001,33.64909892071338
1306894551.9,1.9330411,6.5107255,552.88,20.7,4.7,91.6,292585.34,-57666.3,-1.0,80.54757304348561,4208632.0184562,4208632.0184562,20.853782224704826,7.351644169258197,88.30000000000001,33.65183186034592
1306894552.32,1.933451,6.5107302,552.67,30.7,7.0,93.0,292617.91,-57663.81,-1.0,81.52683506116031,4386346.416620182,4386346.416620182,22.62266626319179,7.366191725877177,87.7,33.65351602482536
1306894552.74,1.9338601,6.5107244,552.68,37.9,8.3,95.2,292650.44,-57662.48,-1.0,81.61777146006787,4435496.540291838,4435496.540291838,24.72421474809044,7.371969750265677,85.1,33.65467962937479
1306894553.6,1.9346828,6.5106716,553.18,42.9,8.6,100.1,292716.22,-57664.39,-1.0,81.2989422828671,3951177.884368824,3951177.884368824,26.053200814113318,7.551240356893364,84.19999999999999,33.655973373906725
1306894554.02,1.9350836,6.5106236,553.53,45.6,9.3,102.9,292748.38,-57667.79,-1.0,82.4761819030927,4277278.038983709,4277278.038983709,25.811709058109795,7.6487488320092885,87.1,33.65731305019719
1306894554.45,1.9354825,6.510559,553.94,46.7,9.0,105.8,292780.53,-57673.05,-1.0,81.75030571580629,4180466.3379295757,4180466.3379295757,25.0372593330916,7.412263047897348,84.5,33.65854555238442
1306894554.66,1.9356809,6.5105203,554.15,47.0,8.9,107.2,292796.56,-57676.4,-1.0,84.331564823432,4455931.319533885,4455931.319533885,24.094531078957417,7.408796575880281,82.5,33.65957901695135
1306894554.87,1.9358666,6.51048,554.33,47.4,9.0,108.6,292811.59,-57679.98,-1.0,80.17864989588082,4555451.84187612,4555451.84187612,24.33493568177196,7.638596100388228,83.00000000000001,33.660321580380916
1306894555.29,1.9362487,6.510384,554.69,48.3,9.2,111.6,292842.59,-57688.8,-1.0,83.67444712251024,5526741.083430913,5526741.083430913,24.85696750508765,7.9311019044045805,85.00000000000001,33.66148518493035
1306894555.72,1.936627,6.5102701,555.02,48.8,9.1,114.7,292873.44,-57699.63,-1.0,83.44119988666671,6222235.796571676,6222235.796571676,25.322202270771804,7.632681506303996,84.19999999999999,33.66300858825493
1306894556.57,1.9373423,6.5099974,555.49,49.4,9.1,120.8,292932.13,-57726.48,-1.0,83.98904370583045,6945457.29293261,6945457.29293261,25.741584619502685,7.848483423025015,82.79999999999998,33.665006619751
1306894556.99,1.9376766,6.5098404,555.64,49.6,9.1,123.9,292959.78,-57742.32,-1.0,84.52069063556685,7731135.963762654,7731135.963762654,24.597932268685636,7.837157878644125,85.8,33.66728024179824
1306894557.2,1.9378403,6.5097555,555.69,49.4,9.1,125.5,292973.34,-57750.96,-1.0,85.4919505866072,8252095.962407917,8252095.962407917,23.183987527336587,8.032527696740775,87.5,33.669584485017836
1306894557.41,1.9379976,6.5096686,555.74,46.5,10.7,127.0,292986.44,-57759.86,-1.0,84.51160263504462,8526675.891961956,8526675.891961956,23.52742741195526,8.015707360353623,90.60000000000001,33.671544240048455
1306894558.04,1.9384534,6.5093801,556.54,44.9,15.7,132.2,293024.59,-57789.7,-1.0,86.33117960257394,9162806.55590429,9162806.55590429,24.327590517742195,7.6772027164244125,88.60000000000001,33.67384848326805
1306894558.46,1.9387396,6.5091653,557.74,49.7,14.9,135.8,293048.81,-57812.19,-1.0,88.56820131834833,9793338.822318979,9793338.822318979,25.220891370412488,7.693001290252264,91.4,33.676757494641635
1306894558.67,1.9388734,6.5090541,558.42,50.0,12.9,137.3,293060.19,-57823.89,-1.0,87.81420138710367,10244547.481840547,10244547.481840547,27.56044440126888,7.693253187497918,91.6,33.68002630479037
1306894558.88,1.9390105,6.5089334,559.12,49.5,11.7,138.7,293071.91,-57836.65,-1.0,92.69485984247063,11169728.46848071,11169728.46848071,26.31729464340915,7.521174509223989,93.49999999999999,33.68369319017969
1306894559.31,1.9392688,6.508687,560.3,49.8,11.1,141.4,293094.09,-57862.77,-1.0,89.99696039331258,11752981.629637046,11752981.629637046,24.602841850612638,7.230631904880085,91.0,33.68798780960226
1306894559.73,1.9395097,6.5084296,561.31,52.1,11.8,144.4,293114.97,-57890.21,-1.0,92.54873149711298,12287794.525203248,12287794.525203248,23.871485521482438,7.44063155728926,94.7,33.692802988954845
1306894560.57,1.9399317,6.5078748,563.14,53.5,9.9,150.8,293152.25,-57949.8,-1.0,94.33084640127764,12754918.11449969,12754918.11449969,24.117606632100056,7.130791270210735,96.00000000000001,33.698659288167434
1306894560.99,1.9401063,6.5075848,563.86,54.2,9.7,154.0,293168.09,-57981.18,-1.0,94.46359510434138,12990565.825573364,12990565.825573364,25.626339677908124,7.0410373027322155,94.7,33.70495193908607
1306894561.2,1.9401867,6.5074316,564.19,54.6,9.5,155.8,293175.5,-57997.81,-1.0,97.49876581488198,13051047.786410527,13051047.786410527,25.53366058913256,7.103535295382311,92.30000000000001,33.71145893821119
1306894561.41,1.9402568,6.5072837,564.47,54.7,9.2,157.4,293182.06,-58013.9,-1.0,93.55314400618475,13685933.574770497,13685933.574770497,25.91663008423632,7.095193984115536,90.5,33.718142009077326
1306894562.04,1.9404301,6.5068238,565.15,54.7,8.8,162.5,293198.94,-58064.16,-1.0,94.95779477780822,13597856.281152874,13597856.281152874,25.694025155984853,7.222271558887078,89.3,33.72473321642641
1306894562.46,1.9405115,6.5065105,565.44,54.7,8.8,165.9,293207.53,-58098.57,-1.0,95.1775647723008,13554250.001457883,13554250.001457883,25.209465650155206,7.4769639046180725,86.5,33.73062779210445
1306894562.67,1.9405425,6.5063482,565.53,54.7,8.8,167.5,293211.09,-58116.45,-1.0,97.47979386065617,13501314.426706797,13501314.426706797,23.65250394659397,7.37229991331032,85.1,33.73607070549027
1306894562.88,1.9405652,6.5061906,565.59,54.5,8.8,169.3,293213.94,-58133.84,-1.0,94.51917089275706,13381197.224530755,13381197.224530755,24.715278223260903,7.389913221062111,82.60000000000001,33.741023680118445
1306894563.3,1.9405899,6.505873,565.6,54.1,8.6,172.7,293218.03,-58169.0,-1.0,94.78228274466349,12144942.383296976,12144942.383296976,25.061683843654702,7.759767933328596,84.4,33.74508098545528
1306894563.93,1.9405745,6.5053963,565.38,53.5,8.5,177.6,293220.03,-58222.03,-1.0,94.5239982610798,11604541.26981476,11604541.26981476,26.023551592761798,7.547322358908392,80.69999999999999,33.748196689742244
1306894564.14,1.9405556,6.5052392,565.25,53.2,8.5,179.4,293219.59,-58239.57,-1.0,93.62846566279563,10833336.467690479,10833336.467690479,24.39334616369423,7.6085084207511375,80.39999999999999,33.74981195658389
1306894564.35,1.9405299,6.5050812,565.08,52.9,8.4,180.9,293218.59,-58257.25,-1.0,94.28400782272391,9213166.659425156,9213166.659425156,22.848374255990212,7.531631248480101,80.8,33.750745902340675
1306894564.77,1.9404586,6.504769,564.67,52.3,8.4,184.2,293215.03,-58292.27,-1.0,93.58515390737428,8506693.626199778,8506693.626199778,23.040899873205127,7.3344196256096765,80.5,33.751113356408915
1306894565.61,1.9402386,6.5041551,563.55,51.1,8.4,190.7,293201.69,-58361.53,-1.0,93.32370505500465,7586124.228458685,7586124.228458685,21.74861704807948,7.408175879583777,78.4,33.750409069444785
1306894566.03,1.9400906,6.5038528,562.87,50.8,8.4,194.0,293191.97,-58395.82,-1.0,93.74508829691821,6678662.479957462,6678662.479957462,19.91988592171427,7.291401090502959,79.60000000000001,33.748663662620636
1306894566.45,1.9399149,6.5035508,562.13,50.6,8.4,197.2,293180.03,-58430.21,-1.0,95.20517344596331,6080437.319210333,6080437.319210333,21.423470081055527,6.98244388162394,79.3,33.74612976060839
1306894566.66,1.939822,6.5034085,561.77,50.4,8.4,198.9,293173.59,-58446.47,-1.0,91.54055086993007,6431840.054310461,6431840.054310461,22.151945433980487,7.198362202313774,80.7,33.743251370407165
1306894566.87,1.9397199,6.5032628,561.39,50.4,8.4,200.5,293166.44,-58463.15,-1.0,94.48121670586642,5102802.7844127035,5102802.7844127035,21.915892882256635,6.9895236657154545,83.4,33.74003614731005
1306894567.29,1.9394963,6.5029749,560.62,50.2,8.2,203.7,293150.63,-58496.2,-1.0,95.00041490724057,4744528.243246099,4744528.243246099,24.269823880381107,6.922634714249203,82.89999999999999,33.73622381135205
1306894568.55,1.9386912,6.5021668,558.3,50.2,8.2,213.5,293092.06,-58589.85,-1.0,94.57517707150964,4650047.262741351,4650047.262741351,23.824830320632444,7.200663004852756,86.7,33.73080386384548
1306894568.98,1.9383691,6.5019095,557.53,50.2,8.2,216.9,293068.16,-58619.98,-1.0,95.40449891589115,4420511.652398973,4420511.652398973,24.796791710995638,7.148585269987658,86.4,33.72489397758127
1306894569.19,1.9382041,6.5017883,557.16,50.2,8.4,218.5,293055.88,-58634.24,-1.0,95.22230291556262,5067055.437650241,5067055.437650241,26.278308571517847,7.1384095622721375,87.60000000000001,33.71883098545528
1306894569.4,1.938034,6.5016701,556.79,50.2,8.4,220.2,293043.16,-58648.19,-1.0,95.24923953974235,5840508.2465623,5840508.2465623,25.355646327958674,7.053969770977673,87.80000000000001,33.71279861450165
1306894569.82,1.9376789,6.5014427,556.08,50.2,8.4,223.5,293016.44,-58675.16,-1.0,95.35786056227421,6496759.840906163,6496759.840906163,25.623996181311856,7.011373912430137,89.6,33.70708011056465
1306894570.45,1.9371107,6.5011259,555.04,50.2,8.4,228.3,292973.41,-58713.09,-1.0,95.36733616310386,7544004.1701981025,7544004.1701981025,28.119467206065746,6.994426008521321,89.60000000000001,33.701086016076445
1306894570.66,1.9369095,6.5010257,554.71,50.2,8.4,230.0,292958.09,-58725.18,-1.0,96.7063522888997,8400201.22023235,8400201.22023235,25.566907380364228,7.096806092125893,92.9,33.69540578860489
1306894570.87,1.9367108,6.5009324,554.39,50.2,8.6,231.6,292942.91,-58736.51,-1.0,93.72147791115985,9482064.475694854,9482064.475694854,26.534031238158942,7.0510393664702775,92.8,33.689756182305665
1306894571.29,1.9362885,6.500751,553.75,50.2,8.6,234.9,292910.56,-58758.69,-1.0,96.48514993242267,9914144.903863052,9914144.903863052,25.930640208697902,7.096493329801475,91.0,33.68390753838616
1306894572.55,1.9349455,6.5003069,552.03,50.1,8.8,244.7,292806.78,-58814.48,-1.0,95.4907689132497,10317587.899551257,10317587.899551257,23.650230711162223,6.897967875525018,92.5,33.67733164162326
1306894572.97,1.934484,6.5001949,551.53,50.1,8.8,248.0,292770.84,-58829.15,-1.0,93.28755977520133,10570485.279751584,10570485.279751584,23.150533012150298,6.701823297189367,90.60000000000001,33.67214900820243
1306894573.18,1.9342405,6.5001433,551.27,50.1,8.8,249.8,292751.81,-58836.05,-1.0,96.80260738406552,10848137.588403028,10848137.588403028,21.70620065626379,6.709867371934664,92.6,33.667356794729116
1306894573.39,1.9340015,6.5000975,551.04,50.1,8.8,251.3,292733.13,-58842.28,-1.0,93.91588621419504,11801786.13718839,11801786.13718839,19.575656818165726,6.727977599951917,91.80000000000001,33.66267175535904
1306894573.81,1.9335117,6.5000184,550.58,50.1,8.8,254.6,292694.72,-58853.43,-1.0,94.94001637344157,12384552.778010672,12384552.778010672,20.17395807042373,6.766910402504239,91.5,33.65791781835116
1306894575.07,1.9320101,6.4998917,549.35,50.1,8.8,264.5,292576.19,-58874.72,-1.0,94.15425887040398,12887868.70033426,12887868.70033426,18.458135296281778,6.579349476330794,92.7,33.6527658061027
1306894575.49,1.9315051,6.4998868,549.0,50.1,8.8,267.8,292536.06,-58877.7,-1.0,93.27578766069777,13035239.47626251,13035239.47626251,17.90350903671116,6.639269870431468,95.4,33.648142009077326
1306894575.7,1.9312425,6.4998916,548.82,50.1,9.1,269.5,292515.16,-58878.43,-1.0,96.61265484692697,12635183.204860661,12635183.204860661,20.454722961483036,6.596219303378531,93.19999999999999,33.64363304144828
1306894575.91,1.9309967,6.4999006,548.66,50.1,9.1,271.1,292495.56,-58878.61,-1.0,90.13172751073662,12358783.320869235,12358783.320869235,19.167004353124753,6.477478450877079,93.39999999999999,33.639246558508646
1306894576.54,1.9302308,6.499957,548.2,50.1,9.1,276.1,292434.28,-58876.02,-1.0,93.59202179363842,10983508.733566746,10983508.733566746,19.079553268617392,6.795009074607036,95.5,33.6349978708446
1306894576.75,1.9299854,6.4999842,548.06,50.1,9.1,277.7,292414.59,-58874.18,-1.0,89.90251738943984,9656700.029624194,9656700.029624194,19.88704459582646,6.874725862338892,92.8,33.63195871948852
1306894576.96,1.929729,6.5000175,547.92,50.1,9.1,279.4,292394.0,-58871.71,-1.0,94.19328469107397,7562017.66323853,7562017.66323853,19.984824916241898,7.007802210083202,94.1,33.62919515868362
1306894577.17,1.9294759,6.5000552,547.78,50.1,9.1,280.9,292373.63,-58868.75,-1.0,93.21704586493158,6367007.383101398,6367007.383101398,20.300800182799787,7.027278560895346,92.0,33.62652346139579
1306894577.38,1.9292301,6.5000966,547.66,50.1,9.2,282.7,292353.81,-58865.33,-1.0,90.7232455612134,4970722.665692099,4970722.665692099,21.980811017017942,7.379555997663796,90.69999999999999,33.62393597233192
1306894577.8,1.9287382,6.5001937,547.42,50.1,9.2,285.9,292314.03,-58856.91,-1.0,91.38909683106571,4354458.186713976,4354458.186713976,22.83870393573336,7.3631230120749205,93.2,33.621516899716
1306894579.06,1.9273005,6.5005941,546.81,50.1,9.3,295.8,292197.03,-58819.34,-1.0,91.14824509551605,4455811.328613365,4455811.328613365,25.060472285332096,7.429971939782645,91.0,33.61957245527155
1306894579.27,1.9270704,6.5006758,546.72,50.1,9.3,297.4,292178.22,-58811.37,-1.0,90.11764897376075,4459770.670874647,4459770.670874647,25.329980444736748,7.6762901881915555,90.80000000000001,33.6178270484474
1306894580.11,1.9261818,6.5010436,546.41,50.1,9.3,303.9,292105.09,-58774.78,-1.0,89.67085533736457,3998023.736190406,3998023.736190406,23.176961747608722,7.788353901726163,93.00000000000001,33.61598212281311
1306894580.53,1.9257568,6.5012521,546.28,50.1,9.3,307.2,292069.91,-58753.66,-1.0,89.43483842389762,3104051.6233822005,3104051.6233822005,23.85778885729754,8.048372947621488,92.0,33.61416016305808
1306894580.74,1.9255521,6.501361,546.22,50.1,9.3,308.9,292052.91,-58742.54,-1.0,88.19905312044278,3423428.9776985166,3423428.9776985166,25.66251894172661,7.755714686933513,88.7,33.61264441502659
1306894580.95,1.9253534,6.5014724,546.16,50.1,9.3,310.5,292036.34,-58731.12,-1.0,87.13276325358682,4505788.498162161,4505788.498162161,26.751498255640954,7.717401346910527,87.80000000000001,33.6111899093398
1306894581.16,1.9251561,6.501589,546.11,50.1,9.3,312.2,292019.88,-58719.12,-1.0,88.12529642283708,5472528.76462597,5472528.76462597,28.797215367213667,7.720313394224981,85.30000000000001,33.60980430129081
1306894581.37,1.9249631,6.501709,546.06,50.1,9.3,313.7,292003.75,-58706.71,-1.0,87.87458557294268,5924053.761173273,5924053.761173273,30.833953977289564,7.730052241008784,86.50000000000001,33.608487590879605
1306894582.0,1.9244094,6.5020908,545.92,50.1,9.3,318.7,291957.16,-58666.96,-1.0,87.87130918111176,6436627.905237866,6436627.905237866,30.413526289987146,7.4993371764088845,85.4,33.607155569882224
1306894582.21,1.9242345,6.5022244,545.88,50.1,9.3,320.3,291942.34,-58652.96,-1.0,87.46598907757064,6153361.489130091,6153361.489130091,30.48585498457682,7.658338402206399,83.10000000000001,33.60597665474662
1306894582.42,1.924064,6.5023617,545.84,50.1,9.3,322.0,291927.88,-58638.52,-1.0,87.55594648264544,5783464.286485739,5783464.286485739,29.06092545970659,7.483764077228065,82.8,33.605234091317044
1306894583.05,1.9235942,6.5027811,545.74,50.1,9.3,326.8,291887.72,-58594.2,-1.0,84.95091878359001,6050540.857578152,6050540.857578152,29.148555078440705,7.336255273385804,81.1,33.604483872594386
1306894583.26,1.9234449,6.5029293,545.72,50.1,9.3,328.5,291874.88,-58578.45,-1.0,86.56708964332375,5979294.003428222,5979294.003428222,29.131008317029654,7.422269296859832,78.9,33.60395565737129
1306894583.47,1.923304,6.5030771,545.69,50.1,9.3,330.1,291862.66,-58562.71,-1.0,84.60635787359655,6661166.031686754,6661166.031686754,29.86056415358675,7.232377158360311,82.10000000000001,33.60350399507907
1306894583.68,1.9231666,6.5032294,545.66,50.1,9.3,331.8,291850.72,-58546.45,-1.0,85.68861541293595,7147820.082102313,7147820.082102313,27.57723372981733,7.272578225657847,82.4,33.60307529866612
1306894583.89,1.9230345,6.5033846,545.64,50.1,9.3,333.4,291839.19,-58529.84,-1.0,85.82946499530554,7264279.5151694175,7264279.5151694175,27.150274359186078,7.3990533884194125,85.4,33.60267722342553
1306894584.31,1.9227903,6.5036983,545.6,50.1,9.3,336.6,291817.66,-58496.16,-1.0,84.61989552043205,7405467.092072973,7405467.092072973,25.157185226693677,7.361657032243842,85.0,33.60228680347802
1306894585.57,1.9222023,6.5046824,545.52,50.1,9.3,346.4,291764.31,-58389.68,-1.0,83.77695949937845,7056108.964327881,7056108.964327881,25.048961346277686,7.453736084909864,83.80000000000001,33.601873417651255
1306894585.78,1.9221269,6.5048497,545.51,50.1,9.3,348.1,291757.19,-58371.44,-1.0,82.43684997266726,6009412.099669802,6009412.099669802,24.05036780986802,7.420047003199278,83.4,33.601559550634626
1306894586.0,1.9220555,6.5050237,545.5,50.1,9.3,349.8,291750.34,-58352.46,-1.0,80.91860190036171,5880919.272796097,5880919.272796097,24.70184936819599,7.221911759613718,84.49999999999999,33.60126864949727
1306894586.21,1.9219923,6.5051945,545.49,50.1,9.3,351.4,291744.19,-58333.79,-1.0,82.81491591210974,5561366.515826677,5561366.515826677,24.638330958827048,7.227318921389313,84.8,33.60100071423918
1306894586.43,1.9219338,6.5053718,545.49,50.1,9.3,353.1,291738.34,-58314.38,-1.0,81.37726716401944,5370658.080315849,5370658.080315849,24.045257681495034,7.108764318316705,84.89999999999999,33.60080933191197
1306894586.64,1.9218837,6.5055447,545.48,50.1,9.3,354.8,291733.19,-58295.41,-1.0,82.86244437441863,5520748.485686243,5520748.485686243,24.88958459137573,6.978987788401307,84.6,33.60062560487785
1306894586.85,1.9218404,6.5057164,545.48,50.1,9.3,356.4,291728.63,-58276.55,-1.0,81.69610001213877,5344235.579655458,5344235.579655458,24.668320001872612,6.872118583544333,81.79999999999998,33.600464843722996
1306894588.11,1.9217178,6.5067507,545.48,50.1,9.3,6.2,291711.94,-58162.24,-1.0,81.17953775347699,4599816.806930556,4599816.806930556,27.2356464187635,6.771303669860142,84.1,33.600327048447404
1306894588.53,1.9217289,6.5070904,545.48,50.1,9.3,9.4,291710.53,-58124.45,-1.0,79.89205837560222,3844654.475564011,3844654.475564011,26.89884450547772,6.798343865574042,83.4,33.60020456375799
1306894588.74,1.9217444,6.5072624,545.49,50.1,9.3,11.1,291710.63,-58105.27,-1.0,81.36380628569732,3213678.017728765,3213678.017728765,27.031562678079162,6.819926673345628,85.1,33.60012035553402
1306894588.95,1.9217655,6.5074279,545.49,50.1,9.3,12.7,291711.19,-58086.78,-1.0,78.23551547874573,2763502.5766187003,2763502.5766187003,26.789653839015806,6.942289204941295,84.60000000000001,33.600097389654756
1306894589.16,1.9217942,6.5075996,545.49,50.1,9.3,14.4,291712.31,-58067.57,-1.0,81.90926747836595,3494097.6354209166,3494097.6354209166,29.230230399473534,7.009628888118899,88.0,33.60008207906858
1306894589.59,1.9218705,6.5079368,545.49,49.9,8.8,17.6,291716.13,-58029.75,-1.0,78.90554328000144,3816609.5260643484,3816609.5260643484,28.180502274002528,7.39153719296858,90.30000000000001,33.60007442377549
1306894589.8,1.9219161,6.5080976,545.49,47.8,6.5,19.1,291718.66,-58011.67,-1.0,77.65859707769641,4010990.0637593633,4010990.0637593633,28.687744714911595,7.489664544783486,93.3,33.60007442377549
1306894591.48,1.9223789,6.5093868,537.68,34.1,-6.2,22.7,291746.81,-57866.23,-1.0,79.35465983944394,4987974.222549237,4987974.222549237,27.87713413586074,7.654837952862488,94.10000000000001,33.59409563987348
1306894591.69,1.9224448,6.5095519,535.36,33.0,-5.3,23.3,291750.94,-57847.57,-1.0,82.95194707934365,5096675.922685719,5096675.922685719,28.735014946200387,7.688478895516297,95.50000000000001,33.586348483268054
1306894592.11,1.9225759,6.509862,530.59,32.0,-3.4,24.6,291759.28,-57812.5,-1.0,77.98520068855909,4918631.090075974,4918631.090075974,27.378514815746563,8.003441935739247,97.40000000000002,33.57494975185948
1306894592.95,1.922878,6.510484,520.6,30.8,-0.5,28.1,291779.13,-57741.95,-1.0,79.74572546159297,5566285.181846856,5566285.181846856,27.115477399515456,8.185162127267539,94.60000000000001,33.555903382655636
1306894593.16,1.9229618,6.5106371,518.22,30.4,-0.0,29.0,291784.75,-57724.54,-1.0,79.80888550003027,5549528.156143237,5549528.156143237,26.191002121894712,7.890137142808604,92.3,33.535035053696745
1306894593.37,1.923048,6.5107875,515.93,30.2,0.4,29.9,291790.59,-57707.43,-1.0,78.86197856600239,5214511.5201586215,5214511.5201586215,26.062673980459014,7.776872936060732,90.7,33.51240600732755
1306894594.21,1.9234278,6.5113796,507.62,29.9,1.7,33.7,291816.81,-57639.83,-1.0,79.26976617053015,6107468.868685952,6107468.868685952,24.80388108220817,7.625402079226608,93.40000000000002,33.48341541240191
1306894594.42,1.9235279,6.5115202,505.82,29.8,1.9,34.7,291823.81,-57623.73,-1.0,76.75082359915508,6219320.287058434,6219320.287058434,24.405937984756832,7.502128367527831,91.00000000000001,33.45304686472037
1306894594.84,1.9237403,6.5118018,502.4,29.8,2.3,36.5,291838.81,-57591.44,-1.0,78.07015384798095,6856466.173639284,6856466.173639284,23.727801718467784,7.377483285208407,87.9,33.42006020680261
1306894596.11,1.9244426,6.5126073,493.8,29.8,3.0,41.9,291889.25,-57498.57,-1.0,76.94055199241589,7618416.040981567,7618416.040981567,22.705061888286313,7.258570621923848,84.30000000000001,33.38048999682886
1306894596.53,1.9246942,6.5128599,491.37,29.8,3.0,43.6,291907.53,-57469.31,-1.0,76.35233556937268,7922571.53734714,7922571.53734714,23.729353911677816,7.404104781002834,82.60000000000001,33.345038334536646
1306894596.74,1.9248266,6.5129864,490.19,29.8,3.2,44.5,291917.22,-57454.62,-1.0,78.21142588189961,7813136.992875981,7813136.992875981,22.821430291324468,7.395176657178736,80.4,33.31045937565651
1306894596.95,1.9249566,6.5131069,489.08,29.7,3.3,45.3,291926.75,-57440.61,-1.0,75.23654763952563,7480787.312861266,7480787.312861266,23.91088497832218,6.9988391264331495,79.7,33.2786822540467
1306894597.58,1.9253589,6.5134578,485.92,29.7,3.5,47.9,291956.38,-57399.71,-1.0,77.64098498049161,6834418.30395029,6834418.30395029,22.378315270790175,6.811624982310526,79.7,33.25213369761626
1306894597.79,1.9254941,6.5135688,484.93,29.7,3.6,48.7,291966.38,-57386.72,-1.0,75.65699693369903,6467237.892295566,6467237.892295566,22.200566066394053,7.057782871099659,82.7,33.2266492269251
1306894598.0,1.9256363,6.5136821,483.92,29.7,3.6,49.6,291976.91,-57373.46,-1.0,78.2897867996822,6428284.916789765,6428284.916789765,22.159750014129326,7.059055231729896,85.7,33.20214463374924
1306894598.22,1.9257808,6.5137937,482.93,29.7,3.7,50.4,291987.63,-57360.36,-1.0,74.66208534775646,6027888.068792532,6027888.068792532,23.997082242878104,7.294483639517305,83.2,33.183243715114074
1306894598.43,1.9259269,6.5139033,481.95,29.7,3.8,51.2,291998.53,-57347.49,-1.0,78.10882709698672,6345792.43286988,6345792.43286988,23.60158208315223,7.385505453663744,83.00000000000001,33.16497053051214
1306894598.85,1.9262148,6.5141096,480.11,29.7,3.8,52.9,292020.03,-57323.18,-1.0,75.16054624251058,5993951.491802605,5993951.491802605,23.778088191446468,7.4036641702297805,86.30000000000001,33.14790688221818
1306894599.69,1.9268105,6.5144999,476.53,29.6,4.2,56.3,292064.75,-57276.97,-1.0,74.65330441493106,5400076.384346764,5400076.384346764,23.901500593376998,7.5215838216773925,88.39999999999999,33.13468619105458
1306894599.9,1.9269672,6.514595,475.64,29.3,4.1,57.1,292076.56,-57265.65,-1.0,76.17382756619041,4862569.521656474,4862569.521656474,23.053630930353854,7.172108360064673,87.5,33.122644415026585
1306894600.33,1.92728,6.5147763,473.88,28.0,3.9,58.7,292100.22,-57244.02,-1.0,72.94387991089971,4324305.565542046,4324305.565542046,24.478091648731343,7.35753301715387,88.1,33.11015863199946
1306894601.19,1.9279286,6.5151204,470.29,24.1,3.9,61.7,292149.44,-57202.66,-1.0,73.35847678170904,4063392.3728628526,4063392.3728628526,22.097143691605012,7.513721925520152,87.09999999999998,33.095774336286425
1306894601.4,1.9280892,6.5152,469.41,23.0,3.5,62.3,292161.69,-57193.06,-1.0,72.88742718998765,3852522.3189109294,3852522.3189109294,24.037058187606345,7.676343015055795,87.99999999999999,33.08313544739754
1306894601.82,1.9284157,6.5153558,467.65,20.7,3.4,63.5,292186.59,-57174.18,-1.0,73.25538959383343,4093167.0067870943,4093167.0067870943,25.495690070026296,7.723511139757531,86.2,33.069907100940846
1306894602.67,1.9290851,6.5156545,464.17,16.2,3.4,65.5,292237.78,-57137.78,-1.0,72.90178398115843,3919847.453200087,3919847.453200087,25.50755970677713,7.733582524168858,86.00000000000001,33.05478789709132
1306894603.09,1.9294234,6.5157968,462.47,14.0,3.4,66.3,292263.72,-57120.35,-1.0,73.5441212825528,3827513.387293529,3827513.387293529,25.264707725190178,7.650050480864505,89.10000000000001,33.03912516743253
1306894603.3,1.9295947,6.5158671,461.63,12.9,3.4,66.7,292276.88,-57111.72,-1.0,74.12637281530671,3431971.8442558628,3431971.8442558628,26.223012575589358,7.502360483831637,91.4,33.02356961187697
1306894604.15,1.9302809,6.5161386,458.36,8.9,3.0,67.8,292329.56,-57078.26,-1.0,72.6796409765475,2996458.2989846775,2996458.2989846775,27.412700133230672,7.43607324635512,88.7,33.006919349409785
1306894604.57,1.9306258,6.5162705,456.77,7.0,3.0,68.2,292356.09,-57061.95,-1.0,73.47620827281432,2429449.530576016,2429449.530576016,29.41352106119886,7.632570818906812,88.5,32.99179249026717
1306894604.78,1.9307963,6.5163348,456.0,6.1,3.0,68.4,292369.22,-57053.98,-1.0,72.49486819221137,1962499.898003417,1962499.898003417,28.584564999598282,7.7976285064168005,91.89999999999999,32.97675749464163
1306894604.99,1.9309654,6.5163981,455.23,5.3,2.9,68.6,292382.25,-57046.14,-1.0,71.78977099015945,1749417.1269147582,1749417.1269147582,27.4258566762621,7.660097116562522,92.6,32.96248037303183
1306894605.2,1.9311388,6.5164627,454.45,4.4,2.9,68.7,292395.59,-57038.14,-1.0,73.4512349627031,1800422.7436948202,1800422.7436948202,29.86480891748351,7.686853122851672,95.20000000000002,32.950354388779864
1306894605.41,1.9313107,6.5165263,453.69,3.6,2.9,68.8,292408.81,-57030.24,-1.0,72.72225293346104,1887828.3114686408,1887828.3114686408,27.6213885760706,7.825681162123696,97.10000000000002,32.938320268044954
1306894605.83,1.9316566,6.5166535,452.16,2.1,2.9,68.8,292435.44,-57014.44,-1.0,73.12683955577084,2104243.7362787332,2104243.7362787332,27.841122459874466,7.582083212468335,96.40000000000002,32.92646221905108
1306894606.68,1.932356,6.5169093,449.09,-0.6,2.9,68.8,292489.31,-56982.67,-1.0,72.99143713610752,2257105.305240102,2257105.305240102,30.36076748817337,7.711240628789232,95.80000000000001,32.91491803707383
1306894607.1,1.9327058,6.5170372,447.56,-1.7,2.9,68.8,292516.28,-56966.77,-1.0,73.95616142629918,2117204.7654456836,2117204.7654456836,28.935131470981588,7.4526772039769655,96.00000000000001,32.90350399507908
1306894607.31,1.932876,6.5170997,446.82,-2.2,2.9,68.9,292529.38,-56959.02,-1.0,71.88706132349233,1958282.6515944013,1958282.6515944013,26.109963480098894,7.791189794742142,95.10000000000001,32.89216650601521
1306894608.16,1.9335745,6.5173579,443.78,-4.1,2.9,68.6,292583.16,-56926.97,-1.0,73.04289791050668,2325969.110291355,2325969.110291355,24.058864486215235,7.729382715941198,94.6,32.881005088692376
1306894608.58,1.933919,6.5174871,442.27,-4.9,2.9,68.4,292609.66,-56910.97,-1.0,73.06417942985662,2495049.0467781196,2495049.0467781196,23.9876272863566,7.401233811913351,92.8,32.86990491371425
1306894608.79,1.9340913,6.5175522,441.52,-5.3,2.9,68.2,292622.94,-56902.9,-1.0,73.34219814882294,2835615.920390332,2835615.920390332,25.34511355897036,7.364747583454859,92.30000000000001,32.8588200493223
1306894609.0,1.934266,6.5176187,440.75,-5.6,2.9,68.1,292636.34,-56894.68,-1.0,74.18234322951767,3302619.515322321,3302619.515322321,24.941487912073743,7.218709918384259,92.4,32.84773518493034
1306894609.21,1.9344306,6.5176817,440.03,-5.9,2.9,68.0,292649.03,-56886.89,-1.0,70.23092842254744,3144118.578623867,3144118.578623867,23.823602264083302,7.173445953693414,90.60000000000001,32.836696252296925
1306894609.42,1.9346039,6.5177485,439.26,-6.3,2.9,67.8,292662.34,-56878.63,-1.0,73.89213655208111,3384418.5698620467,3384418.5698620467,24.43636816893721,7.128346146831395,90.80000000000001,32.82564966437042
1306894609.85,1.9349532,6.5178846,437.72,-6.8,2.9,67.5,292689.19,-56861.83,-1.0,72.93614701806291,3074117.432601146,3074117.432601146,24.782064989643796,7.383524200649298,92.60000000000001,32.81459542115081
1306894610.69,1.9356317,6.5181555,434.68,-7.7,2.9,66.7,292741.28,-56828.47,-1.0,72.86589267784078,2861387.4271439323,2861387.4271439323,23.427446637829597,7.376856729452881,92.9,32.80356414381048
1306894610.9,1.9358024,6.5182252,433.91,-7.9,2.9,66.5,292754.41,-56819.91,-1.0,73.82187091505764,2718571.2452975167,2718571.2452975167,24.36054102916178,7.573242984100718,90.0,32.79311466874487
1306894611.32,1.9361431,6.518366,432.37,-8.2,2.9,66.1,292780.53,-56802.64,-1.0,73.70676373512337,2346575.2007071436,2346575.2007071436,26.459867979867983,7.518296983529822,89.7,32.78205277023218
1306894612.17,1.9368198,6.5186535,429.27,-8.7,2.9,65.2,292832.38,-56767.44,-1.0,72.82059578106484,1946107.0566934492,1946107.0566934492,28.766072642754896,7.566290842245763,92.3,32.77094493996096
1306894612.38,1.9369875,6.5187265,428.49,-8.8,2.9,65.0,292845.22,-56758.52,-1.0,73.48726256180242,2015190.982163237,2015190.982163237,28.552679472397823,7.91670451108167,92.4,32.760395946085204
1306894613.01,1.9374822,6.5189458,426.19,-9.0,2.9,64.3,292883.06,-56731.77,-1.0,72.55282710636911,1968519.491583274,1968519.491583274,27.008109870946406,8.136576402158186,93.10000000000001,32.74866038178074
1306894613.22,1.9376501,6.5190217,425.4,-9.0,2.9,64.1,292895.88,-56722.54,-1.0,74.17648458836659,1941919.0367831204,1941919.0367831204,27.75203369935295,8.358975296222965,93.00000000000001,32.7369095068901
1306894613.65,1.9379854,6.5191755,423.82,-9.0,2.9,63.6,292921.5,-56703.84,-1.0,72.68499833108544,2306316.436522851,2306316.436522851,27.019160025809338,8.538708844725225,94.2,32.72450027679386
1306894613.86,1.9381513,6.5192527,423.04,-9.0,2.9,63.4,292934.16,-56694.47,-1.0,73.88638327384488,2247597.723345573,2247597.723345573,26.451036468047636,8.451035802201213,94.3,32.71208339140453
1306894614.5,1.9386527,6.5194906,420.64,-9.0,2.9,62.7,292972.41,-56665.63,-1.0,73.69264998139666,2135701.640157256,2135701.640157256,26.416492003996346,8.250719861614254,92.39999999999999,32.69900815080961
1306894614.72,1.9388185,6.5195708,419.84,-9.0,2.9,62.4,292985.03,-56655.92,-1.0,71.17481030705576,2016746.1929398521,2016746.1929398521,27.314764299013554,8.156317970698561,91.69999999999999,32.68764769586648
1306894615.98,1.9397881,6.5200554,415.08,-9.0,2.9,61.0,293058.84,-56597.42,-1.0,73.47051972445684,2208153.7987200473,2208153.7987200473,28.438175643291856,8.11845390875684,93.1,32.67323277898109
1306894616.19,1.9399517,6.5201398,414.27,-8.7,2.9,60.8,293071.28,-56587.25,-1.0,75.16024972360881,2449455.1041877125,2449455.1041877125,28.427543771822084,8.16559433805282,91.3,32.65937669849115
1306894617.05,1.9405957,6.5204794,411.03,-8.4,2.9,59.9,293120.19,-56546.43,-1.0,72.67604040893465,2673159.782532852,2673159.782532852,27.945644990399877,8.223790394084478,91.00000000000001,32.64541344389798
1306894617.26,1.9407527,6.5205639,410.23,-8.3,2.9,59.7,293132.09,-56536.28,-1.0,73.02653832760484,3045393.845951079,3045393.845951079,26.969739669965172,8.199390018554459,93.90000000000002,32.63143487871862
1306894618.1,1.9413833,6.5209106,406.99,-7.9,2.9,58.9,293179.88,-56494.73,-1.0,73.8884610750962,3127828.767000438,3127828.767000438,28.073776023703978,8.11495013943387,92.00000000000001,32.616736715988964
1306894618.31,1.9415383,6.5209975,406.19,-7.8,2.9,58.7,293191.59,-56484.34,-1.0,72.99741603742714,2746802.096906798,2746802.096906798,28.702134187388047,8.012413625624667,90.90000000000002,32.602030897966216
1306894618.94,1.9420046,6.5212629,403.75,-7.5,2.7,58.1,293226.88,-56452.6,-1.0,73.75697379534343,2749306.47535102,2749306.47535102,28.55830117484372,7.879138031771328,88.10000000000001,32.58666672473787
1306894619.57,1.9424654,6.521531,401.32,-7.2,2.7,57.5,293261.69,-56420.61,-1.0,73.40788087699801,2631167.0533281057,2631167.0533281057,29.39342414985483,7.986029860255467,86.0,32.57003942814994
1306894619.78,1.9426184,6.5216213,400.51,-7.1,2.7,57.3,293273.25,-56409.83,-1.0,73.597440875834,2458025.8254485913,2458025.8254485913,27.48411184412656,8.013492020187469,89.0,32.55462932316306
1306894620.41,1.9430741,6.5218937,398.07,-6.7,2.7,56.8,293307.63,-56377.38,-1.0,73.34187009837028,2644991.4719041367,2644991.4719041367,28.061769426455186,7.85956512390109,87.60000000000002,32.5379637501097
1306894621.04,1.9435309,6.5221722,395.6,-6.4,2.7,56.3,293342.03,-56344.24,-1.0,74.07087353527929,2685276.1119983126,2685276.1119983126,26.752900510800217,7.92433585736183,86.30000000000001,32.52305123917356
1306894621.25,1.9436765,6.522262,394.81,-6.3,2.7,56.1,293353.0,-56333.55,-1.0,71.16443631260337,2460075.471860768,2460075.471860768,24.816869756280475,7.845885770294898,89.9,32.508154038823605
1306894621.67,1.9439789,6.5224503,393.16,-6.0,2.7,55.8,293375.78,-56311.19,-1.0,74.20628403471717,2669328.8586493344,2669328.8586493344,24.045626831386688,7.836466005500565,90.4,32.494474030074706
1306894621.88,1.9441271,6.5225434,392.34,-5.9,2.7,55.7,293386.94,-56300.13,-1.0,73.00487581141864,2681780.0896303174,2681780.0896303174,24.836491805108622,7.722917731154203,90.20000000000002,32.480778710739614
1306894622.51,1.9445798,6.5228308,389.85,-5.6,2.7,55.2,293420.97,-56266.02,-1.0,74.63479222188299,2827010.158773041,2827010.158773041,26.256708508709636,7.598271524464607,89.20000000000002,32.46765753838616
1306894622.72,1.9447225,6.5229224,389.05,-5.5,2.7,55.1,293431.69,-56255.16,-1.0,70.80032131440959,3088132.5683890935,3088132.5683890935,25.297584463671427,7.413305474013472,90.2,32.454536366032706
1306894623.14,1.9450191,6.5231142,387.4,-5.2,2.7,54.8,293453.97,-56232.42,-1.0,73.91160574668777,3459319.6352247316,3459319.6352247316,25.178770021297133,7.3164422000944915,91.3,32.44201996183323
1306894623.35,1.9451708,6.5232131,386.55,-5.1,2.7,54.7,293465.38,-56220.71,-1.0,75.9544570813684,3470905.448317105,3470905.448317105,24.12907095694033,7.3776639256911,90.0,32.43071309394172
1306894623.98,1.9456061,6.5234993,384.11,-4.8,2.7,54.3,293498.03,-56186.81,-1.0,72.7806640831015,3243457.482101408,3243457.482101408,25.579710004084212,7.341713834668489,88.10000000000001,32.4181584132768
1306894624.41,1.9459063,6.523699,382.41,-4.6,2.7,54.1,293520.53,-56163.18,-1.0,73.92581962020763,3065315.3585246517,3065315.3585246517,25.40470794233647,7.497273436068361,87.5,32.406170224300425
1306894625.05,1.9463494,6.5239969,379.89,-4.1,2.7,53.7,293553.75,-56127.95,-1.0,73.68192719711615,2369657.714887142,2369657.714887142,25.313206155797804,7.584098859154697,90.10000000000001,32.394143758858604
1306894625.26,1.9465001,6.5240991,379.02,-4.1,2.7,53.6,293565.03,-56115.88,-1.0,76.67028644335107,1800074.4757098358,1800074.4757098358,25.36212587904241,7.4414583505444725,87.50000000000001,32.38205605107208
1306894625.68,1.9467855,6.5242936,377.39,-4.1,2.7,53.4,293586.41,-56092.89,-1.0,72.73919072887864,1198885.0756425806,1198885.0756425806,26.626479405995692,7.392858423205618,85.60000000000001,32.36998365387173
1306894625.89,1.9469341,6.5243955,376.53,-3.9,2.7,53.3,293597.53,-56080.86,-1.0,75.98573300564833,1076913.203601709,1076913.203601709,26.289725784763668,7.5206829457012425,84.20000000000002,32.35788063549902
1306894626.53,1.9473682,6.5246952,374.03,-3.9,2.7,53.0,293630.0,-56045.47,-1.0,73.00248521443964,873077.6012278647,873077.6012278647,24.191021586583254,7.642422277104897,84.5,32.34576996183323
1306894626.74,1.9475153,6.5247973,373.18,-3.5,2.7,52.9,293641.0,-56033.41,-1.0,75.67140780390271,891908.9666303872,891908.9666303872,22.997150640695256,7.908662826125729,83.6,32.333621011702
1306894627.16,1.9477985,6.5249951,371.53,-3.3,2.7,52.8,293662.16,-56010.08,-1.0,72.9237886008183,967569.8566689956,967569.8566689956,24.967790198124415,8.177274514003246,83.7,32.321472061570766
1306894627.37,1.9479408,6.5250949,370.7,-3.2,2.7,52.7,293672.81,-55998.3,-1.0,73.54511719845537,1030115.7352897961,1030115.7352897961,26.54063159920819,8.033631882947574,87.60000000000001,32.30933842202571
1306894628.01,1.9483783,6.5254036,368.15,-3.2,2.7,52.4,293705.5,-55961.9,-1.0,74.35121554280617,953673.0919401987,953673.0919401987,26.09562478884817,8.245596125213904,89.30000000000001,32.29712057425668
1306894628.23,1.948524,6.525507,367.29,-2.9,2.7,52.4,293716.38,-55949.71,-1.0,72.16496856977506,785952.5949270489,785952.5949270489,26.144923969124896,8.250938812643009,90.80000000000001,32.28554577110707
1306894628.66,1.9488155,6.5257148,365.58,-2.7,2.7,52.2,293738.13,-55925.23,-1.0,74.0369433413795,933829.8387967768,933829.8387967768,24.64347203484057,8.256344884287978,91.0,32.27459104669762
1306894628.87,1.94896,6.5258181,364.73,-2.6,2.7,52.1,293748.91,-55913.05,-1.0,75.32681908418641,1280550.0480572819,1280550.0480572819,27.144236381858395,8.206434442334192,93.60000000000001,32.26365163287436
1306894629.5,1.9493851,6.5261237,362.22,-2.4,2.7,51.9,293780.63,-55877.05,-1.0,74.02329852490985,1686503.9255659385,1686503.9255659385,24.58969621400168,8.305129822399099,94.0,32.252038553259304
1306894629.71,1.9495236,6.5262237,361.4,-2.3,2.7,51.9,293790.97,-55865.28,-1.0,72.4611828024046,1852991.225307691,1852991.225307691,23.24616597701712,8.221980090766547,95.00000000000001,32.24045609481661
1306894630.13,1.9498076,6.5264294,359.72,-2.2,2.7,51.9,293812.16,-55841.06,-1.0,74.4678648482318,2115317.990435556,2115317.990435556,22.896539772643703,8.327287004852412,97.30000000000001,32.22950137040716
1306894630.35,1.9499531,6.5265351,358.85,-2.1,2.7,51.7,293823.0,-55828.61,-1.0,72.87347123695014,1732789.8934039683,1732789.8934039683,24.6313776428588,8.26576530769495,99.7,32.218531335411534
1306894630.99,1.9503821,6.5268479,356.3,-1.9,2.7,51.7,293854.97,-55791.79,-1.0,74.02074352674614,2027294.9240181562,2027294.9240181562,22.82092414862907,7.956558446422056,100.90000000000002,32.20687232403796
1306894631.21,1.9505284,6.5269551,355.43,-1.9,2.7,51.5,293865.88,-55779.18,-1.0,73.61397907888946,2305460.4461762593,2305460.4461762593,22.239623434711316,8.053702150281568,99.70000000000002,32.19518269149202
1306894631.65,1.9508213,6.5271701,353.68,-1.7,2.7,51.4,293887.72,-55753.89,-1.0,73.7604967203484,2336319.742129703,2336319.742129703,21.857727300688698,7.914461393157954,97.4,32.18410548239316
1306894632.5,1.9513919,6.5275908,350.26,-1.5,2.7,51.2,293930.22,-55704.39,-1.0,74.5586168771729,2567807.703165876,2567807.703165876,19.628927343278672,7.998967512967735,97.60000000000001,32.17106851826368
1306894632.71,1.9515302,6.5276931,349.44,-1.4,2.7,51.2,293940.5,-55692.36,-1.0,73.14328403128391,2578792.22802043,2578792.22802043,20.617303437536837,7.712918033763979,96.60000000000001,32.15871287521906
1306894633.13,1.9518084,6.5278995,347.76,-1.3,2.7,51.1,293961.22,-55668.09,-1.0,73.77176018189746,2450373.9080647184,2450373.9080647184,19.325406632041467,8.022128271766592,93.4,32.145721842848104
1306894634.61,1.9527889,6.5286301,341.86,-1.0,2.7,51.1,294034.22,-55582.2,-1.0,73.94318634306882,2338273.7989508547,2338273.7989508547,19.987430654907595,7.783357478872137,92.20000000000002,32.130135666120196
1306894636.3,1.9539016,6.5294648,335.13,-0.7,2.7,50.7,294117.0,-55484.1,-1.0,73.71643299136569,2389555.1689126743,2389555.1689126743,19.736753505467718,7.853823565676159,91.8,32.11002521117707
1306894636.93,1.9543195,6.5297794,332.6,-0.6,2.7,50.7,294148.06,-55447.13,-1.0,74.39750475077011,2340870.712645074,2340870.712645074,20.232064077754305,7.523542220615355,89.2,32.08926405632142
1306894637.57,1.9547397,6.5300963,330.06,-0.5,2.7,50.6,294179.31,-55409.91,-1.0,73.68836135373584,2301860.2306083515,2301860.2306083515,20.882894943245606,7.363505544010743,86.50000000000001,32.06722446752002
1306894638.42,1.9553004,6.5305197,326.66,-0.4,2.7,50.6,294221.03,-55360.16,-1.0,74.13505636866985,2093370.377103715,2093370.377103715,22.486089336316077,7.4876723262067655,85.9,32.04453417880611
1306894639.06,1.9557213,6.530838,324.1,-0.4,2.7,50.6,294252.31,-55322.77,-1.0,73.914754372575,1971609.534066417,1971609.534066417,21.26738214403969,7.461310700094342,84.8,32.020550145560264
1306894639.29,1.9558738,6.5309534,323.17,-0.4,2.7,50.5,294263.66,-55309.21,-1.0,74.62937419703833,1850575.4690351272,1850575.4690351272,22.276505978879392,7.392021459920925,85.3,31.99719384634767
1306894648.35,1.9618223,6.535458,287.03,0.1,2.7,50.5,294705.84,-54780.06,-1.0,73.85444188432176,1643464.2898524709,1643464.2898524709,24.647990771944734,7.2566239179006695,86.69999999999999,31.94878942814994
1306894651.08,1.9636172,6.5368129,276.14,0.0,2.7,50.5,294839.31,-54620.87,-1.0,73.84438980858916,1628260.91607925,1628260.91607925,25.311108537052224,7.2000370850459925,87.70000000000002,31.892676129812234
1306894656.55,1.9672185,6.5395237,254.33,-0.1,2.7,50.5,295107.06,-54302.29,-1.0,73.83392713209331,1553542.9177894234,1553542.9177894234,24.843774444635223,7.136634536901157,89.60000000000001,31.821152726487647
1306894660.12,1.9695689,6.5412896,240.11,-0.0,2.7,50.5,295281.84,-54094.75,-1.0,73.7627218677578,1480868.1855296686,1480868.1855296686,26.453385085093714,7.109457273951587,89.60000000000001,31.743260119313543
1306894662.22,1.9709522,6.542328,231.74,-0.2,2.7,50.5,295384.72,-53972.7,-1.0,73.77409887961224,1489935.4286259739,1489935.4286259739,27.289139733409435,6.807583193462557,88.8,31.66411204407295
1306894669.41,1.9756861,6.5458821,203.11,-0.2,2.7,50.5,295736.69,-53554.93,-1.0,73.73722936280333,1554139.9970509289,1554139.9970509289,28.242257153265772,7.128503354357273,90.0,31.564983653871725
1306894673.02,1.978064,6.5476688,188.72,-0.2,2.7,50.5,295913.44,-53344.91,-1.0,73.79608369067194,1647325.239172624,1647325.239172624,28.100618959125974,7.13068386610123,92.9,31.45678374136079
1306894673.87,1.9786215,6.5480879,185.35,-0.2,2.7,50.1,295954.91,-53295.66,-1.0,73.50508053829819,1725744.619450175,1725744.619450175,26.03020408991316,7.138301710808977,93.80000000000001,31.348606794729122
1306894679.8,1.9825249,6.5510223,161.72,-0.3,2.7,50.1,296245.03,-52950.73,-1.0,73.76299041029975,1822785.345391227,1822785.345391227,26.672978578105024,7.13763809102522,94.80000000000001,31.224300145560264
1306894682.98,1.9846207,6.5525976,149.04,-0.3,2.7,50.1,296400.81,-52765.55,-1.0,73.85427321985577,1829605.1905773566,1829605.1905773566,25.119430673814662,7.078010785678119,95.50000000000001,31.090998527012587
1306894685.72,1.9864232,6.5539526,138.13,-0.3,2.7,50.1,296534.75,-52606.27,-1.0,73.70894691262258,1838887.5244841299,1838887.5244841299,24.764544728499246,6.931627940316863,95.9,30.977011212926847
1306894688.47,1.9882353,6.5553149,127.16,-0.3,2.7,50.1,296669.44,-52446.12,-1.0,73.8506535954184,1850163.2922185508,1850163.2922185508,23.644057425169002,7.068870833676351,94.79999999999998,30.8629626564964
1306894689.33,1.9888013,6.5557404,123.74,-0.3,2.7,49.6,296711.5,-52396.11,-1.0,73.73934948306668,1851840.739935311,1851840.739935311,23.13023234713812,6.75633767459146,96.20000000000002,30.76299218405545
1306894691.04,1.9899303,6.5565889,116.9,-0.3,2.7,49.6,296795.38,-52296.36,-1.0,73.97263756766358,1849821.9188277521,1849821.9188277521,23.338550266922642,7.075604470048046,98.4,30.66867131791372
1306894691.88,1.9904859,6.5570066,113.54,-0.3,2.7,49.5,296836.69,-52247.25,-1.0,74.15404209140756,1845815.1886627194,1845815.1886627194,24.606213431478754,7.362953932603502,100.60000000000001,30.578185753609255
1306894693.35,1.9914518,6.5577325,107.7,-0.3,2.7,49.5,296908.47,-52161.91,-1.0,73.61612355596597,1835721.3865969032,1835721.3865969032,25.59686015880944,7.134079465400474,98.60000000000001,30.505146602253177
1306894694.19,1.9920078,6.5581503,104.33,-0.3,2.7,49.4,296949.75,-52112.79,-1.0,74.1387346137364,1834843.6459586243,1834843.6459586243,23.838986312841584,7.231479014725215,97.60000000000002,30.440543583880473
1306894697.15,1.9939584,6.5596165,92.53,-0.3,2.7,49.4,297094.69,-51940.43,-1.0,73.83747783585302,1823133.0759501767,1823133.0759501767,25.497088239497728,7.055823634377452,96.0,30.36948715343428
1306894697.99,1.9945133,6.5600337,89.17,-0.5,2.7,49.2,297135.94,-51891.38,-1.0,74.05322785870563,1812791.5898604423,1812791.5898604423,27.364132136432264,7.014707727101915,94.7,30.313948002078195
1306894700.72,1.9963175,6.5613902,78.25,-0.5,2.7,49.2,297269.97,-51731.91,-1.0,74.06027446708441,1803535.4343840664,1803535.4343840664,28.06481981876035,6.951192558724877,93.30000000000001,30.259756182305672
1306894702.82,1.9977041,6.5624328,69.85,-0.5,2.7,48.9,297373.0,-51609.33,-1.0,74.00659342800486,1791487.830158189,1791487.830158189,26.057458792758485,7.18077301862912,92.8,30.207485841098325
1306894704.32,1.9986948,6.5631779,63.86,-0.5,2.7,48.8,297446.59,-51521.74,-1.0,74.02077712137661,1786889.7057367077,1786889.7057367077,27.061457773420607,7.307548561380896,93.10000000000001,30.15902783584898
1306894704.95,1.9991113,6.5634911,61.33,-0.5,2.7,48.8,297477.53,-51484.91,-1.0,74.10562686364811,1800372.000293473,1800372.000293473,26.950159244832225,7.553632181257646,92.70000000000002,30.111251151684503
1306894705.58,1.9995272,6.563804,58.82,-0.5,2.7,48.7,297508.44,-51448.13,-1.0,74.01373454014292,1811268.6139174898,1811268.6139174898,25.27472647626445,7.547117014413419,92.60000000000001,30.066789209427284
1306894706.21,1.9999459,6.5641189,56.28,-0.5,2.7,48.7,297539.53,-51411.1,-1.0,74.50007767953016,1827792.1252450005,1827792.1252450005,24.168519198878393,7.536667286910459,90.3,30.022955001203307
1306894707.68,2.0009152,6.5648483,50.41,-0.8,2.7,48.7,297611.53,-51325.36,-1.0,73.91710858816771,1831518.425533816,1831518.425533816,22.612145299362965,7.448883722941369,93.9,29.97909782710007
1306894707.89,2.0010575,6.5649554,49.55,-0.8,2.7,48.5,297622.13,-51312.77,-1.0,76.12892185473176,1827952.9804484064,1827952.9804484064,24.277997063088208,7.619234876377796,94.1,29.937162131562015
1306894709.15,2.0018904,6.5655822,44.5,-0.9,2.7,48.5,297683.97,-51239.07,-1.0,74.10638310422846,1523716.1217551532,1523716.1217551532,24.66568275665574,8.008261865460325,94.1,29.900393758858602
1306894709.36,2.002029,6.5656864,43.67,-0.9,2.7,48.5,297694.28,-51226.82,-1.0,73.99947479462182,1263325.6912868803,1263325.6912868803,24.032845363559098,8.03385793614366,94.10000000000001,29.865562175306547
1306894709.78,2.0023119,6.5658985,41.96,-0.9,2.7,48.3,297715.28,-51201.88,-1.0,75.38643837571293,1041212.6514997147,1041212.6514997147,23.049237853877123,8.20836227560186,95.3,29.837781116688873
1306894709.99,2.0024472,6.5659996,41.14,-1.0,2.7,48.3,297725.34,-51189.99,-1.0,71.93799427804402,761847.9445927343,761847.9445927343,25.085235292145796,8.283889438278894,93.0,29.81580277023218
1306894710.62,2.0028703,6.566314,38.61,-1.5,3.1,48.2,297756.81,-51153.0,-1.0,74.86927593299241,1160297.2672333908,1160297.2672333908,26.154437893782802,8.29656573448196,92.3,29.796473155184064
1306894710.83,2.0030082,6.5664158,37.82,-1.5,3.4,48.2,297767.06,-51141.02,-1.0,72.8657453359658,1714166.8646792725,1714166.8646792725,27.33738909002088,8.070588771345735,92.00000000000001,29.778475561133316
1306894711.25,2.0032938,6.5666263,36.25,-1.5,3.9,48.2,297788.28,-51116.25,-1.0,75.43924791343181,2500760.9117183606,2500760.9117183606,29.2062993444675,7.896251672597445,92.7,29.76119756463288
1306894711.46,2.0034311,6.5667276,35.54,-1.7,4.1,48.0,297798.5,-51104.32,-1.0,72.57700760607922,3171487.6043757987,3171487.6043757987,31.02844341489588,7.867167725049535,94.7,29.745320486767614
1306894712.09,2.0038477,6.5670353,33.57,-1.8,4.6,48.0,297829.5,-51068.11,-1.0,73.41914246740807,3870412.4864920457,3870412.4864920457,32.537509632686756,8.175390175606145,94.0,29.73242897320681
1306894712.72,2.0042569,6.5673384,31.88,-1.9,5.1,47.7,297859.91,-51032.44,-1.0,72.13516034876807,3872503.2345171776,3872503.2345171776,30.382973884391873,8.14530139403557,92.0,29.718902070319672
1306894712.93,2.0043865,6.5674346,31.38,-1.9,5.3,47.7,297869.56,-51021.12,-1.0,68.56480189058473,3830685.9867822803,3830685.9867822803,29.35410402993358,8.000830001200528,93.10000000000001,29.708858325787737
1306894713.56,2.0047888,6.567734,29.97,-1.9,5.8,47.5,297899.47,-50985.89,-1.0,71.06681769465261,4164484.291899296,4164484.291899296,27.563617941215103,7.810791691907575,91.89999999999999,29.69837057425668
1306894714.19,2.0051838,6.56803,28.75,-1.9,6.3,47.1,297928.81,-50951.09,-1.0,69.93917936392644,4065241.009154543,4065241.009154543,28.1991917145667,8.027167622526985,91.1,29.688257932086948
1306894714.4,2.0053085,6.5681242,28.38,-2.2,6.4,47.0,297938.06,-50940.01,-1.0,66.40172154274048,4126270.8772448883,4126270.8772448883,28.26452392330478,7.709456227733502,91.6,29.678489778106194
1306894714.82,2.0055668,6.5683206,27.67,-2.2,6.7,46.8,297957.22,-50916.94,-1.0,69.05189289658784,4470426.544602235,4470426.544602235,27.49596731420044,7.706404133862518,92.80000000000001,29.670114887467527
1306894715.03,2.0056901,6.5684148,27.35,-2.2,6.9,46.7,297966.38,-50905.88,-1.0,66.03127025912404,4390896.76793741,4390896.76793741,26.573704416905375,7.943392283054573,90.9,29.66209979560401
1306894715.66,2.0060662,6.5687032,26.42,-2.2,7.4,46.4,297994.28,-50872.0,-1.0,67.29521446280516,4160213.1058381824,4160213.1058381824,24.15485585381365,8.031646511470367,90.80000000000001,29.654574642498147
1306894715.87,2.0061895,6.5687981,26.14,-2.2,7.6,46.4,298003.41,-50860.86,-1.0,66.2060319178486,4338304.283287976,4338304.283287976,21.32434047215207,7.953310609258343,91.10000000000002,29.64737866699509
1306894716.29,2.0064323,6.5689851,25.61,-2.0,7.8,46.4,298021.41,-50838.89,-1.0,65.24294749193224,4121122.3596050283,4121122.3596050283,21.098572232915462,7.901208252514616,91.20000000000002,29.64128505369675
1306894716.5,2.0065533,6.5690784,25.35,-2.0,8.0,46.4,298030.41,-50827.95,-1.0,65.08662345875655,3753809.866216166,3753809.866216166,21.515988504947344,7.613278700753546,94.1,29.63628614731005
1306894717.15,2.0069303,6.5693669,24.61,0.0,7.9,46.4,298058.38,-50794.05,-1.0,65.24669763204412,3668147.3300530673,3668147.3300530673,21.97147763464315,7.710825547527827,94.60000000000001,29.63110351388923
1306894717.36,2.0070574,6.5694542,24.35,0.0,7.9,46.0,298067.84,-50783.73,-1.0,64.54745596186571,3138811.646413915,3138811.646413915,22.304581448788632,7.6348137144804396,94.7,29.62680123917357
1306894717.78,2.007312,6.5696293,24.33,0.0,7.9,45.2,298086.88,-50763.04,-1.0,64.82500800194991,2720841.9104421255,2720841.9104421255,22.204889389010887,7.56102506520021,95.4,29.62341759962851
1306894717.99,2.0074362,6.5697151,24.37,0.0,7.9,44.7,298096.16,-50752.9,-1.0,63.32409165578331,2634099.251201444,2634099.251201444,22.458799773757704,7.760358150467639,94.10000000000001,29.62034782710007
1306894718.62,2.0078002,6.5699714,24.35,0.0,7.9,43.7,298123.31,-50722.65,-1.0,62.34482476799416,2545870.210053662,2545870.210053662,22.396655818545494,7.53430777261814,91.60000000000002,29.617806269794738
1306894719.27,2.0081622,6.5702337,24.35,0.0,7.9,43.4,298150.25,-50691.75,-1.0,60.83045352166014,2835041.261694266,2835041.261694266,22.31470865854916,7.373868666556328,92.00000000000003,29.615509681868225
1306894719.49,2.0082822,6.570322,24.36,0.0,7.9,43.4,298159.19,-50681.36,-1.0,60.036571191598064,2768139.8660827144,2768139.8660827144,23.215579410215852,7.367840995478704,89.60000000000001,29.613932691492025
1306894720.12,2.0086149,6.5705692,24.38,0.0,7.9,43.5,298183.91,-50652.27,-1.0,58.3038559167478,2610512.153860548,2610512.153860548,24.002716409179506,7.426295021099546,88.9,29.612585359908472
1306894720.75,2.0089259,6.570802,24.38,0.0,4.5,43.5,298207.03,-50624.89,-1.0,54.58840867390714,2557736.1108640404,2557736.1108640404,22.49730189161462,7.431205913503532,86.30000000000001,29.611643758858605
1306894720.96,2.0090241,6.5708756,24.38,0.0,3.5,43.6,298214.31,-50616.23,-1.0,51.58036549984915,2555082.8867713707,2555082.8867713707,23.76078746170633,7.427235576965742,84.5,29.610901195429037
1306894721.59,2.0093002,6.5710829,24.34,0.0,1.7,43.6,298234.81,-50591.86,-1.0,48.27065715438991,2819117.831442838,2819117.831442838,23.14565435520501,7.396191593984078,84.7,29.610694502515646
1306894722.22,2.0095526,6.5712726,24.34,0.0,0.7,43.6,298253.56,-50569.55,-1.0,43.998603793546586,3056344.848898073,3056344.848898073,23.59846022966621,7.681469154850772,88.30000000000001,29.61068684722256
1306894722.43,2.0096321,6.5713323,24.34,0.0,0.5,43.6,298259.47,-50562.54,-1.0,41.42344210668777,3232533.9674103963,3232533.9674103963,24.892768992741647,7.659223705205138,89.70000000000002,29.610694502515646
1306894723.07,2.0098599,6.5715035,24.35,0.0,0.0,43.6,298276.41,-50542.4,-1.0,38.893013737928015,3604560.0997531535,3604560.0997531535,23.414300910686368,7.650297113920173,92.70000000000002,29.61067919192947
1306894723.91,2.0101313,6.5717076,24.35,0.0,-0.3,43.6,298296.56,-50518.4,-1.0,35.10308961496762,3651658.8523119385,3651658.8523119385,22.444480519268097,7.689282005778822,94.50000000000001,29.61067919192947
1306894724.33,2.0102528,6.5717989,24.34,0.0,-0.4,43.6,298305.56,-50507.66,-1.0,31.19189100850627,3421048.6963978503,3421048.6963978503,23.982939221296498,7.778445941874876,93.10000000000001,29.61067153663638
1306894725.17,2.0104753,6.5719663,24.34,0.0,-0.5,43.6,298322.09,-50487.98,-1.0,28.46270275570884,3181275.416426455,3181275.416426455,22.705393484712122,7.8028750039311205,93.6,29.610656226050207
1306894727.69,2.0109963,6.5723578,24.33,0.0,-1.3,43.6,298360.78,-50441.95,-1.0,21.83999303895009,2728954.0177263883,2728954.0177263883,24.06520608017894,7.792594492958813,92.0,29.610617949584764
1306894727.9,2.0110347,6.5723869,24.33,0.0,-1.4,43.5,298363.63,-50438.54,-1.0,19.193503077285996,2170556.162394504,2170556.162394504,23.459988638292092,7.6087968061329585,92.30000000000003,29.61057967311932
1306894728.32,2.0111115,6.572445,24.33,0.0,-1.4,43.5,298369.34,-50431.7,-1.0,19.241023232479428,1894530.1008973303,1894530.1008973303,22.828581185992228,7.871863043053916,94.20000000000002,29.61054139665388
1306894729.16,2.0112612,6.5725594,24.33,0.0,-1.4,43.5,298380.44,-50418.26,-1.0,18.76482503673269,1549105.8322923456,1549105.8322923456,22.262009259034905,7.878514032627811,94.50000000000001,29.61053374136079
1306894729.37,2.0112983,6.5725878,24.33,0.0,-1.3,43.5,298383.19,-50414.93,-1.0,18.584123735176252,1183059.4852754888,1183059.4852754888,22.903615542921287,7.877103962414266,93.10000000000001,29.6105260860677
1306894730.0,2.0114119,6.5726749,24.33,0.0,-1.3,43.5,298391.63,-50404.7,-1.0,19.0535565598076,979971.2244266769,979971.2244266769,22.034638309037604,7.976357309984857,91.2,29.61051843077461
1306894730.64,2.0115259,6.5727623,24.33,0.0,-1.7,43.5,298400.06,-50394.43,-1.0,18.75886930750044,722898.9386321843,722898.9386321843,20.723768537872274,8.04858404295564,88.6,29.610503120188433
1306894731.73,2.0117214,6.5729121,24.33,0.0,-1.6,43.5,298414.56,-50376.83,-1.0,18.92352341026872,444290.19885057834,444290.19885057834,21.253701700230938,8.160389583282019,89.10000000000001,29.610487809602255
1306894733.23,2.0119902,6.5731183,24.33,0.0,-1.2,43.5,298434.5,-50352.61,-1.0,18.915910368231536,284232.649484215,284232.649484215,22.068902223528305,8.157129025415088,92.5,29.61048015430917
1306894734.08,2.0121424,6.573235,24.33,0.0,-1.4,43.5,298445.78,-50338.9,-1.0,18.88736368642431,154601.61212858823,154601.61212858823,24.507014724221058,8.116088611739691,93.6,29.61047249901608
1306894734.71,2.0122556,6.5733218,24.33,0.0,-1.4,43.2,298454.19,-50328.7,-1.0,18.98689028261275,49678.90680104718,49678.90680104718,23.180200729142207,7.906888988017694,92.80000000000001,29.61047249901608
1306894735.36,2.0123715,6.5734107,24.33,0.0,-1.7,43.2,298462.78,-50318.27,-1.0,18.7932908547612,43037.68535838242,43037.68535838242,24.534704525456974,8.17335391763636,94.4,29.61047249901608
1306894735.79,2.012448,6.5734695,24.33,0.0,-1.8,43.2,298468.47,-50311.36,-1.0,18.821173585335995,35599.049688597035,35599.049688597035,24.231333164834375,8.253341031069743,92.30000000000001,29.61047249901608
1306894736.64,2.0126003,6.5735862,24.33,0.0,-1.4,43.2,298479.75,-50297.65,-1.0,18.88735799460604,33281.4216370727,33281.4216370727,25.028652002281284,8.296961705619694,90.50000000000001,29.61047249901608
1306894737.48,2.0127515,6.5737022,24.33,0.0,-1.3,43.2,298490.97,-50284.03,-1.0,19.00753221972685,36224.84047459511,36224.84047459511,25.155768865331854,8.309216214199623,89.20000000000002,29.61047249901608
1306894738.11,2.0128638,6.5737883,24.33,0.0,-1.5,43.2,298499.28,-50273.92,-1.0,18.774214806696207,33667.7190833789,33667.7190833789,25.48131246423918,8.219568795409959,91.10000000000001,29.61047249901608
1306894738.95,2.013015,6.5739042,24.33,0.0,-1.6,43.2,298510.5,-50260.3,-1.0,19.00752642485294,36447.17168286617,36447.17168286617,25.598779589654463,8.056104420079496,91.3,29.61047249901608
1306894739.37,2.0130898,6.5739616,24.33,0.0,-1.8,43.2,298516.06,-50253.56,-1.0,18.812372835842456,34233.53896033981,34233.53896033981,25.764049859942563,7.968404135787404,88.50000000000001,29.61047249901608
1306894740.02,2.0132057,6.5740505,24.33,0.0,-1.7,43.2,298524.66,-50243.12,-1.0,18.814815456838378,36360.95957792594,36360.95957792594,24.201371940871102,8.121043389823168,87.60000000000001,29.61047249901608
1306894740.65,2.0133188,6.5741373,24.33,0.0,-1.3,43.2,298533.03,-50232.92,-1.0,18.936123875275555,40417.82583607501,40417.82583607501,22.013821722890064,8.064449063531729,85.4,29.61047249901608
1306894741.29,2.0134333,6.574225,24.33,0.0,-1.4,43.3,298541.53,-50222.62,-1.0,18.874543614031715,40279.421568449,40279.421568449,21.77479183711219,8.119072081091575,87.9,29.61047249901608
1306894742.56,2.0136613,6.5743999,24.33,0.0,-1.5,43.3,298558.44,-50202.08,-1.0,18.949148251657267,42175.700310665175,42175.700310665175,22.434387671412697,7.758248100125974,88.80000000000001,29.61047249901608
1306894743.19,2.0137737,6.5744861,24.33,0.0,-1.8,43.3,298566.78,-50191.95,-1.0,18.83135437755488,41976.920132767395,41976.920132767395,23.39651311116605,7.712246144888053,87.50000000000001,29.61047249901608
1306894743.41,2.0138126,6.574516,24.33,0.0,-1.9,43.3,298569.66,-50188.45,-1.0,18.61157531847164,39245.913413383685,39245.913413383685,23.990862153893627,7.468580940754742,88.50000000000001,29.61047249901608
1306894743.83,2.0138886,6.5745742,24.33,0.0,-1.7,43.3,298575.28,-50181.61,-1.0,19.069510679058183,44022.00420940206,44022.00420940206,24.059375262154937,7.4310396491516375,91.2,29.61047249901608
1306894744.04,2.0139262,6.574603,24.33,0.0,-1.6,43.3,298578.06,-50178.22,-1.0,18.869443277230427,44309.58214048439,44309.58214048439,22.96204409362677,7.36140714173629,89.0,29.61047249901608
1306894744.67,2.0140387,6.5746893,24.33,0.0,-1.4,43.3,298586.41,-50168.09,-1.0,18.844069197358653,49654.98884993622,49654.98884993622,25.594257332662274,7.397996870960071,91.80000000000001,29.61047249901608
1306894746.37,2.0143428,6.5749225,24.33,0.0,-1.4,43.3,298608.97,-50140.7,-1.0,18.876786107568485,57483.5520787849,57483.5520787849,26.986486601274727,7.6037393906223425,93.5,29.61047249901608
1306894746.58,2.0143815,6.5749521,24.33,0.0,-1.6,43.3,298611.84,-50137.21,-1.0,19.49855364437665,56433.31507826319,56433.31507826319,26.15880240946669,7.325419925887719,92.29999999999998,29.61047249901608
1306894747.42,2.0145319,6.5750675,24.33,0.0,-1.7,43.3,298623.0,-50123.66,-1.0,18.900387542112547,33149.221758798616,33149.221758798616,25.871228100444235,7.351254630702823,92.80000000000001,29.61047249901608
1306894747.84,2.0146073,6.5751253,24.33,0.0,-1.6,43.3,298628.59,-50116.86,-1.0,18.95516385024904,18556.787090395865,18556.787090395865,25.694861330376828,7.484625008668365,90.2,29.61047249901608
1306894748.05,2.0146444,6.5751538,24.33,0.0,-1.6,43.3,298631.34,-50113.52,-1.0,18.612465697301044,20955.94439223974,20955.94439223974,25.55061535444237,7.494163919499031,90.30000000000001,29.61047249901608
1306894748.68,2.014758,6.5752409,24.33,0.0,-1.5,43.3,298639.75,-50103.3,-1.0,19.005947501171054,31993.23741185696,31993.23741185696,25.158606946026353,7.566776294526471,90.9,29.61047249901608
1306894748.89,2.0147948,6.5752691,24.33,0.0,-1.4,43.3,298642.5,-50099.97,-1.0,18.58410107524891,20774.20224319218,20774.20224319218,24.897831142626394,7.496609538733647,90.9,29.61047249901608
1306894749.31,2.0148699,6.5753267,24.33,0.0,-1.2,43.3,298648.06,-50093.21,-1.0,18.84087525391452,24679.73576152889,24679.73576152889,25.420338041537914,7.616074451939976,89.4,29.61047249901608
1306894750.15,2.0150209,6.5754425,24.33,0.0,-1.4,43.3,298659.25,-50079.62,-1.0,18.95752447892783,58539.82726454144,58539.82726454144,25.601799943818605,7.6398884528638495,91.5,29.61047249901608
1306894751.62,2.0152831,6.5756434,24.33,0.0,-1.4,43.4,298678.69,-50056.02,-1.0,18.805531709332957,81686.97834965076,81686.97834965076,23.53225771850533,7.82967427571025,88.7,29.61047249901608
1306894752.47,2.015436,6.5757605,24.33,0.0,-1.6,43.4,298690.03,-50042.25,-1.0,18.986181401273726,98247.31014120209,98247.31014120209,22.98422656223591,7.732439286622306,87.5,29.61047249901608
1306894753.11,2.0155503,6.575848,24.33,0.0,-1.2,43.4,298698.5,-50031.97,-1.0,18.818287008239366,79805.92166342643,79805.92166342643,23.031251363860196,7.954816239589923,87.30000000000001,29.61047249901608
1306894753.74,2.0156633,6.5759346,24.33,0.0,-1.3,43.4,298706.91,-50021.8,-1.0,18.958368209615557,58622.82608624194,58622.82608624194,24.710103687060545,7.858076806584699,88.9,29.61047249901608
1306894753.95,2.0157015,6.5759638,24.33,0.0,-1.4,43.4,298709.72,-50018.38,-1.0,19.069499047742035,40615.60226683133,40615.60226683133,26.965050464003053,7.980722249292803,91.19999999999999,29.61047249901608
1306894754.58,2.0158144,6.5760502,24.33,0.0,-1.6,43.4,298718.09,-50008.22,-1.0,18.898017065725902,32053.54913709767,32053.54913709767,27.748064107577644,7.978698298113476,88.9,29.61047249901608
1306894755.22,2.0159289,6.576138,24.33,0.0,-1.7,43.4,298726.59,-49997.91,-1.0,18.883887295211807,23102.254321932942,23102.254321932942,26.310476875435707,7.8967148481873,89.4,29.61047249901608
1306894755.43,2.0159667,6.5761669,24.33,0.0,-1.8,43.4,298729.41,-49994.51,-1.0,19.050455623084776,26157.7746131911,26157.7746131911,27.262882709354635,7.958722970153357,90.4,29.61047249901608
1306894756.07,2.0160808,6.5762543,24.33,0.0,-1.7,43.4,298737.84,-49984.25,-1.0,18.749515313861817,20261.667943604716,20261.667943604716,26.9391523492542,7.911634536470266,91.50000000000001,29.61047249901608
1306894756.7,2.0161934,6.5763406,24.33,0.0,-1.3,43.4,298746.22,-49974.11,-1.0,18.89172611581038,19605.223587092587,19605.223587092587,27.668718036883366,7.853744976807026,91.50000000000001,29.61047249901608
1306894756.91,2.0162311,6.5763694,24.33,0.0,-1.3,43.5,298749.0,-49970.73,-1.0,18.840863762421055,17759.237724323695,17759.237724323695,27.90703726344644,7.791425928648029,91.2,29.61047249901608
1306894757.54,2.0163442,6.5764561,24.33,0.0,-1.4,43.5,298757.38,-49960.54,-1.0,18.939280979053713,16091.916087942203,16091.916087942203,27.58582372465233,7.582029777659535,91.7,29.61047249901608
1306894758.81,2.0165738,6.5766303,24.33,0.0,-1.6,43.5,298774.44,-49940.07,-1.0,19.010905675793584,21623.081344487167,21623.081344487167,29.19379020683512,7.44280784970673,93.5,29.61047249901608
1306894759.03,2.0166131,6.5766601,24.33,0.0,-1.7,43.5,298777.34,-49936.57,-1.0,18.68460241916241,27753.883614352682,27753.883614352682,29.869733233671155,7.458692813016303,92.00000000000001,29.61047249901608
1306894759.66,2.0167275,6.5767467,24.33,0.0,-1.8,43.5,298785.81,-49926.39,-1.0,19.0442358824093,40677.33946675358,40677.33946675358,28.416501666228584,7.434166730971078,91.49999999999999,29.61047249901608
1306894760.29,2.0168409,6.5768327,24.33,0.0,-1.5,43.5,298794.25,-49916.28,-1.0,18.9398592723842,50584.58992711618,50584.58992711618,25.78330300704414,7.477446073317824,92.0,29.61047249901608
1306894760.5,2.0168786,6.5768612,24.33,0.0,-1.4,43.5,298797.03,-49912.93,-1.0,18.7555893356824,60456.51011613119,60456.51011613119,27.61711567830396,7.379316699356627,93.60000000000001,29.61047249901608
1306894762.6,2.0172593,6.577149,24.33,0.0,-1.6,43.5,298825.31,-49879.09,-1.0,19.035640646077773,72778.62819557863,72778.62819557863,27.822128931754165,7.44525374775793,91.70000000000002,29.61047249901608
1306894763.44,2.0174116,6.5772643,24.33,0.0,-1.6,43.5,298836.59,-49865.54,-1.0,19.0149341645283,76996.0781630751,76996.0781630751,26.64631474900188,7.130348297104029,89.70000000000002,29.61047249901608
1306894763.86,2.0174877,6.5773218,24.33,0.0,-1.6,43.5,298842.25,-49858.79,-1.0,19.01788290645569,72514.10498570402,72514.10498570402,25.531067756997537,6.964247654139738,89.30000000000001,29.61047249901608
1306894765.34,2.0177549,6.5775239,24.33,0.0,-1.3,43.5,298862.09,-49835.03,-1.0,18.950579696000602,73209.40101840647,73209.40101840647,26.031571767377088,6.779957524913627,89.10000000000001,29.61047249901608
1306894765.55,2.0177931,6.5775526,24.33,0.0,-1.2,43.5,298864.94,-49831.64,-1.0,19.136913815127226,64901.15032302783,64901.15032302783,25.650605927517645,7.051830453623182,89.0,29.61047249901608
1306894766.18,2.0179074,6.5776387,24.33,0.0,-1.4,43.5,298873.41,-49821.53,-1.0,18.978190526977485,42360.62971352889,42360.62971352889,24.623969509746555,7.180396500691442,87.7,29.61047249901608
1306894766.6,2.0179838,6.5776961,24.33,0.0,-1.7,43.5,298879.06,-49814.77,-1.0,19.012840221661037,34196.72661931017,34196.72661931017,22.32396822471527,7.356631236699924,86.7,29.61047249901608
1306894767.86,2.0182112,6.5778671,24.32,0.0,-2.4,43.5,298895.97,-49794.67,-1.0,18.902689729143678,21253.91877143629,21253.91877143629,21.2547687899862,7.314920908938655,87.4,29.610464843722994
1306894768.07,2.0182471,6.577894,24.32,0.0,-2.5,43.5,298898.63,-49791.51,-1.0,17.762474647361667,10082.157346899223,10082.157346899223,21.1575707204288,7.312292662975452,86.69999999999999,29.610457188429905
1306894768.7,2.0183488,6.5779692,24.32,0.0,-2.5,43.5,298906.19,-49782.65,-1.0,16.655537298597125,51879.79171006364,51879.79171006364,20.697374439598235,7.125458974811002,85.09999999999998,29.610449533136823
1306894769.34,2.0184417,6.578038,24.32,0.0,-2.7,43.5,298913.09,-49774.55,-1.0,14.8682475351106,109126.82493164814,109126.82493164814,18.189085629518186,7.162614935833042,85.4,29.610441877843733
1306894770.18,2.0185464,6.5781155,24.32,0.0,-2.5,43.5,298920.88,-49765.43,-1.0,12.659097291511417,181449.040437612,181449.040437612,19.779927403694128,7.362050153504383,85.8,29.61043422255065
1306894770.82,2.018615,6.5781661,24.32,0.0,-2.3,43.5,298925.97,-49759.48,-1.0,10.778373062797654,266104.08407754585,266104.08407754585,20.023295764512568,7.378619034533829,86.5,29.610426567257562
1306894772.29,2.0187303,6.5782516,24.32,0.0,-2.3,43.7,298934.53,-49749.42,-1.0,7.933711348541313,323222.2322728623,323222.2322728623,21.023302075938822,7.410509935783827,86.39999999999999,29.610418911964473
1306894772.5,2.0187416,6.57826,24.32,0.0,-1.8,43.7,298935.38,-49748.43,-1.0,5.891896929645732,327614.7259617439,327614.7259617439,20.523470776156305,7.463032704195321,88.70000000000002,29.610411256671384
1306894772.92,2.0187621,6.5782753,24.32,0.0,-1.3,43.5,298936.91,-49746.63,-1.0,5.51077932003915,328857.8068712609,328857.8068712609,20.916537444234695,7.269785410355546,90.39999999999998,29.610403601378295
1306894773.55,2.0187978,6.5783023,24.32,0.0,-1.3,43.5,298939.56,-49743.45,-1.0,6.054918034584982,303940.09501126106,303940.09501126106,20.882751076234644,7.06245819074401,90.4,29.610395946085205
1306894774.18,2.0188423,6.578336,24.32,0.0,-1.3,42.7,298942.88,-49739.5,-1.0,7.263167098731927,254091.15970421422,254091.15970421422,22.724522605872792,7.056901852521685,91.30000000000001,29.610395946085205
1306894774.81,2.0188832,6.5783694,24.32,0.0,-1.8,37.7,298945.88,-49735.58,-1.0,6.756315960278135,218911.79507344912,218911.79507344912,25.154604781809493,7.015600634378428,91.4,29.610395946085205
1306894775.02,2.0188938,6.5783796,24.32,0.0,-1.8,33.5,298946.66,-49734.4,-1.0,5.617525188185679,165754.93911165703,165754.93911165703,23.73967832734127,7.000512915555778,92.70000000000002,29.610395946085205
1306894775.65,2.018912,6.5784063,24.32,0.0,-1.8,17.0,298947.91,-49731.34,-1.0,3.828127538339945,114495.29473256446,114495.29473256446,24.87656705832476,6.845243784085706,94.10000000000001,29.610395946085205
1306894776.29,2.0189148,6.5784295,24.32,0.0,-1.5,354.1,298947.97,-49728.75,-1.0,2.0795972670124288,82487.70594928921,82487.70594928921,24.641590124764207,6.7067696876585,93.1,29.610395946085205
1306894776.51,2.0189131,6.5784371,24.32,0.0,-1.4,346.3,298947.78,-49727.92,-1.0,1.4217251106982767,75626.35832075911,75626.35832075911,25.148584193293125,6.884252953353453,92.6,29.610395946085205
1306894776.93,2.0189062,6.5784512,24.32,0.0,-1.4,334.2,298947.16,-49726.38,-1.0,1.1940202311735728,81284.29329213222,81284.29329213222,22.946002267888627,6.879121773809031,94.10000000000001,29.610395946085205
1306894777.14,2.0189009,6.578458,24.32,0.0,-1.4,328.0,298946.69,-49725.65,-1.0,1.3839700002117754,96908.43087588466,96908.43087588466,23.018425200911373,6.92912600709139,93.00000000000001,29.610395946085205
1306894777.77,2.0188812,6.5784755,24.32,0.0,-1.4,314.0,298945.0,-49723.81,-1.0,2.06061792853958,92704.38349305598,92704.38349305598,24.373719058526163,7.033960571604196,92.50000000000003,29.610395946085205
1306894777.99,2.018873,6.5784806,24.32,0.0,-1.2,309.8,298944.31,-49723.27,-1.0,2.6805333437054375,75831.69021920265,75831.69021920265,24.6844844601478,6.975986947212471,96.4,29.610395946085205
1306894778.42,2.0188558,6.57849,24.32,0.0,-1.4,302.1,298942.88,-49722.32,-1.0,2.9870035074397663,45849.01715768842,45849.01715768842,24.256928805031205,6.682617189521023,95.2,29.610395946085205
1306894778.63,2.018845,6.5784947,24.32,0.0,-1.5,299.6,298941.97,-49721.85,-1.0,3.57437340332264,21144.11256685919,21144.11256685919,24.23658482936911,6.849562741894939,95.4,29.610395946085205
1306894779.26,2.0188133,6.5785059,24.32,0.0,-2.0,293.6,298939.38,-49720.76,-1.0,3.818684498480065,20834.430284496135,20834.430284496135,27.013925777767522,6.928491439218498,93.50000000000001,29.610395946085205
1306894779.69,2.018786,6.5785142,24.32,0.0,-1.8,293.3,298937.16,-49719.97,-1.0,4.450994353799716,30808.956616130035,30808.956616130035,28.72559909551581,7.092422955685701,92.3,29.610395946085205
1306894780.32,2.0187403,6.5785297,24.32,0.0,-1.8,298.7,298933.44,-49718.47,-1.0,4.728427093307241,40572.994490065365,40572.994490065365,28.52765302465225,7.38066028634956,93.20000000000002,29.610395946085205
1306894780.54,2.0187273,6.5785352,24.32,0.0,-1.5,301.8,298932.38,-49717.93,-1.0,3.789737044274038,48854.119352917674,48854.119352917674,30.253399494462368,7.222658393335695,93.30000000000001,29.610395946085205
1306894780.96,2.018706,6.5785451,24.32,0.0,-1.4,306.5,298930.59,-49716.93,-1.0,3.4224586745391288,42799.73468544307,42799.73468544307,31.75127823051801,7.3545930739912215,93.4,29.610395946085205
1306894781.17,2.0186957,6.5785507,24.32,0.0,-1.4,308.8,298929.75,-49716.36,-1.0,3.001945177687957,29838.65721674166,29838.65721674166,32.823511227521905,7.028126777900206,93.4,29.610395946085205
1306894781.8,2.0186616,6.5785719,24.32,0.0,-1.4,313.1,298926.91,-49714.18,-1.0,2.9834101798139696,12925.850635773042,12925.850635773042,31.004018490780464,6.9366318700570595,90.6,29.610395946085205
1306894782.01,2.0186487,6.5785808,24.32,0.0,-1.2,314.1,298925.81,-49713.25,-1.0,3.4150406235806576,13528.781210652622,13528.781210652622,32.86801838320386,7.062318936138216,90.60000000000001,29.610395946085205
1306894782.43,2.0186201,6.578601,24.32,0.0,-1.5,314.9,298923.41,-49711.14,-1.0,3.8769776155233253,22851.35589886765,22851.35589886765,32.348774348520166,7.2866133836959,91.2,29.610395946085205
1306894782.64,2.0186043,6.5786123,24.32,0.0,-1.7,315.2,298922.06,-49709.97,-1.0,4.648944717489637,17653.701730902307,17653.701730902307,30.582039240654396,7.174857094154407,92.0,29.610395946085205
1306894783.27,2.0185576,6.5786457,24.32,0.0,-1.8,314.9,298918.13,-49706.48,-1.0,4.455843947884609,19728.681539266134,19728.681539266134,28.927336233304885,7.423227375018785,94.2,29.610395946085205
1306894783.69,2.0185261,6.578668,24.32,0.0,-1.7,314.1,298915.47,-49704.16,-1.0,4.547251102874337,41893.01822204031,41893.01822204031,27.95677998723594,7.511408414467224,92.7,29.610395946085205
1306894784.33,2.018479,6.5787005,24.32,0.0,-1.7,312.7,298911.53,-49700.79,-1.0,4.337406128298602,62976.66435681492,62976.66435681492,26.760599282473272,7.429214157514122,92.5,29.610395946085205
1306894784.54,2.0184625,6.5787113,24.32,0.0,-1.6,311.7,298910.13,-49699.66,-1.0,4.857585753046707,66296.82633327282,66296.82633327282,25.844351208444436,7.41925765887657,92.1,29.610395946085205
1306894784.96,2.0184299,6.5787317,24.32,0.0,-1.4,309.9,298907.41,-49697.55,-1.0,4.637846176039899,63286.24131013608,63286.24131013608,25.513128528483634,7.428265492849949,92.9,29.610395946085205
1306894785.17,2.0184122,6.5787418,24.32,0.0,-1.2,308.7,298905.94,-49696.52,-1.0,5.157393259874928,49262.13022739065,49262.13022739065,23.851742915826378,7.568897154343695,92.5,29.610395946085205
1306894785.8,2.0183593,6.5787694,24.32,0.0,-1.2,302.9,298901.53,-49693.71,-1.0,5.167744627195275,44024.94983004231,44024.94983004231,24.64922697974425,7.8375204696378935,92.39999999999999,29.610395946085205
1306894786.01,2.0183406,6.5787778,24.32,0.0,-1.4,300.4,298900.0,-49692.87,-1.0,5.50098560428946,45674.280884507025,45674.280884507025,23.164397113770878,7.72874596556908,90.19999999999999,29.610395946085205
1306894786.44,2.0183012,6.5787921,24.32,0.0,-1.7,293.6,298896.78,-49691.48,-1.0,5.859076320932456,48107.34738102353,48107.34738102353,22.59092377816224,7.818226938461464,89.9,29.610395946085205
1306894786.65,2.0182809,6.5787979,24.32,0.0,-1.8,290.5,298895.13,-49690.93,-1.0,6.397738566671848,55672.217917081056,55672.217917081056,22.769445189484625,7.987905245613417,91.4,29.610395946085205
1306894787.28,2.0182182,6.5788106,24.32,0.0,-1.8,281.0,298890.06,-49689.83,-1.0,6.916155618511132,62987.4271278918,62987.4271278918,22.93972524377642,7.894068990820583,92.1,29.610395946085205
1306894787.49,2.0181964,6.5788132,24.32,0.0,-1.8,278.5,298888.31,-49689.64,-1.0,7.5703852707571455,65853.06713338432,65853.06713338432,21.717738391701857,7.694771814772088,91.19999999999999,29.610395946085205
1306894787.91,2.0181517,6.5788165,24.32,0.0,-1.8,274.2,298884.75,-49689.49,-1.0,7.984638714083157,73352.64148207872,73352.64148207872,23.56172712996178,7.630235037369506,89.99999999999999,29.610395946085205
1306894788.12,2.0181295,6.5788175,24.32,0.0,-1.8,273.3,298882.97,-49689.49,-1.0,8.188868431326322,85912.82616275264,85912.82616275264,21.865498279456197,7.572755215037806,91.0,29.610395946085205
1306894788.75,2.0180629,6.5788201,24.32,0.0,-1.3,273.4,298877.66,-49689.53,-1.0,8.187914046269798,93575.58863599396,93575.58863599396,23.305931224241675,7.449351838642597,88.80000000000001,29.610395946085205
1306894789.38,2.0179958,6.5788233,24.32,0.0,-1.3,274.4,298872.31,-49689.5,-1.0,8.173928760912464,98861.97443083824,98861.97443083824,22.783484842019526,7.583962543673587,87.9,29.610395946085205
1306894789.59,2.0179738,6.5788246,24.32,0.0,-1.3,274.9,298870.56,-49689.47,-1.0,7.989439376527092,92205.21083365158,92205.21083365158,22.08623286347046,7.569924755798172,89.00000000000001,29.610395946085205
1306894790.22,2.0179075,6.5788288,24.32,0.0,-1.3,274.9,298865.28,-49689.32,-1.0,7.973257058022739,73010.84858931026,73010.84858931026,23.656234845812186,7.574886382831975,88.7,29.610395946085205
1306894790.85,2.0178404,6.5788329,24.32,0.0,-1.6,273.9,298859.91,-49689.2,-1.0,8.117763556269669,48679.84781316134,48679.84781316134,23.785052576668278,7.567734958778286,89.40000000000002,29.610395946085205
1306894791.06,2.0178184,6.5788338,24.32,0.0,-1.7,272.3,298858.16,-49689.21,-1.0,8.102005793146468,25967.00164971265,25967.00164971265,23.927906517001645,7.333870958566029,89.50000000000001,29.610395946085205
1306894791.48,2.0177748,6.578834,24.32,0.0,-1.9,267.7,298854.69,-49689.4,-1.0,8.295228576419692,12642.5974587756,12642.5974587756,22.815069734134973,7.3347925709072035,87.2,29.610395946085205
1306894791.69,2.0177536,6.5788329,24.32,0.0,-1.9,264.3,298853.03,-49689.62,-1.0,8.42403054415238,14407.835144210425,14407.835144210425,22.53318613757989,7.225752011056712,88.19999999999999,29.610395946085205
1306894792.33,2.0176952,6.5788241,24.32,0.0,-1.9,251.7,298848.44,-49690.88,-1.0,8.616471175107526,27695.92654089996,27695.92654089996,20.936946497610606,7.223395362421121,91.1,29.610395946085205
1306894792.54,2.017678,6.5788192,24.32,0.0,-1.6,246.5,298847.09,-49691.52,-1.0,9.091209138227487,53004.69747348889,53004.69747348889,20.67851325674698,7.570743537692911,87.60000000000001,29.610395946085205
1306894792.96,2.0176438,6.5788067,24.32,0.0,-1.5,238.5,298844.47,-49693.07,-1.0,9.562756283015903,99898.25828050853,99898.25828050853,19.077188393393822,7.553778918724912,87.8,29.610395946085205
1306894793.17,2.0176273,6.5787991,24.32,0.0,-1.4,235.0,298843.22,-49693.99,-1.0,10.060929517361224,146691.8143750617,146691.8143750617,18.981833828215553,7.459318200753544,90.5,29.610395946085205
1306894793.81,2.0175791,6.5787688,24.32,0.0,-1.4,225.1,298839.59,-49697.59,-1.0,11.108265106783033,197158.72297859925,197158.72297859925,19.004780774244875,7.29963402271787,90.70000000000002,29.610395946085205
1306894794.02,2.0175637,6.5787575,24.32,0.0,-1.3,223.2,298838.47,-49698.93,-1.0,11.715514215062969,241309.51732706043,241309.51732706043,17.525353987438987,7.257333659945551,90.70000000000002,29.610395946085205
1306894794.44,2.0175339,6.5787344,24.32,0.0,-1.4,221.5,298836.25,-49701.63,-1.0,11.746938687093614,277822.37392712146,277822.37392712146,17.470878081533684,6.9784263947594205,87.10000000000001,29.610395946085205
1306894794.65,2.017519,6.5787228,24.32,0.0,-1.5,221.4,298835.16,-49703.0,-1.0,11.810688794058459,287680.86333502264,287680.86333502264,18.34127216808893,7.256350666023151,83.9,29.610395946085205
1306894795.28,2.0174736,6.5786876,24.32,0.0,-2.0,222.5,298831.78,-49707.14,-1.0,11.90683244321034,279091.91386422963,279091.91386422963,20.152218798006245,7.1886784494382105,86.0,29.610395946085205
1306894795.91,2.0174277,6.5786535,24.32,0.0,-1.7,224.3,298828.38,-49711.15,-1.0,11.719456352138112,252338.53074133655,252338.53074133655,19.920674014946652,7.558375251766892,88.30000000000001,29.610395946085205
1306894796.12,2.017412,6.5786422,24.32,0.0,-1.6,224.8,298827.22,-49712.48,-1.0,11.728441089576942,194272.54683921774,194272.54683921774,19.675445357756555,7.610003969610244,87.80000000000001,29.610395946085205
1306894796.75,2.017366,6.5786092,24.32,0.0,-1.6,226.0,298823.78,-49716.37,-1.0,11.557800886314014,134832.96232512713,134832.96232512713,21.023636518717915,7.383303885572212,87.5,29.610395946085205
1306894797.38,2.0173193,6.5785765,24.32,0.0,-1.3,226.5,298820.28,-49720.23,-1.0,11.542856358308006,77262.1285182926,77262.1285182926,21.76795690980581,7.295519027070718,87.6,29.610395946085205
1306894797.59,2.017303,6.5785655,24.32,0.0,-1.2,226.7,298819.06,-49721.53,-1.0,11.68672762420611,33208.84088712921,33208.84088712921,21.999915913828644,7.068976827473437,86.10000000000001,29.610395946085205
1306894798.01,2.0172716,6.5785441,24.32,0.0,-1.2,226.6,298816.72,-49724.06,-1.0,11.45036803613539,9572.392649249234,9572.392649249234,22.395095717791676,7.116556704061177,87.4,29.610395946085205
1306894798.43,2.0172398,6.5785224,24.32,0.0,-1.5,226.4,298814.34,-49726.63,-1.0,11.571574189475298,10597.483097413933,10597.483097413933,22.015604047921393,7.323965778326812,87.5,29.610395946085205
1306894798.64,2.0172243,6.5785113,24.32,0.0,-1.7,226.2,298813.19,-49727.93,-1.0,11.577848177024967,11924.86295221294,11924.86295221294,22.197345385744917,7.295133318636925,91.30000000000001,29.610395946085205
1306894799.27,2.0171784,6.5784787,24.32,0.0,-1.7,225.7,298809.78,-49731.78,-1.0,11.482627245425698,12128.94649663809,12128.94649663809,21.756074227265803,7.076411755695782,90.9,29.610395946085205
1306894799.9,2.017132,6.5784454,24.32,0.0,-1.6,225.3,298806.31,-49735.7,-1.0,11.617969099696042,13187.085845248315,13187.085845248315,19.687880484328783,7.171846627185085,87.6,29.610395946085205
1306894800.11,2.0171167,6.5784344,24.32,0.0,-1.6,225.2,298805.19,-49737.0,-1.0,11.53383262246885,16765.603855303325,16765.603855303325,19.46761073880778,7.179914325378866,87.60000000000001,29.610395946085205
1306894800.74,2.0170704,6.578401,24.32,0.0,-1.5,225.0,298801.72,-49740.95,-1.0,11.663167258491201,21451.49455303145,21451.49455303145,21.135183855925092,6.968446579403417,86.5,29.610395946085205
1306894801.37,2.0170241,6.5783675,24.32,0.0,-1.1,224.7,298798.28,-49744.89,-1.0,11.633209519516386,22263.872161630494,22263.872161630494,22.266986595556578,7.069409724896045,86.7,29.610395946085205
1306894801.79,2.0169932,6.5783452,24.32,0.0,-1.1,224.7,298796.0,-49747.52,-1.0,11.630925964879076,20720.41658757827,20720.41658757827,21.721874151329953,7.338254334188678,86.7,29.610395946085205
1306894802.42,2.0169466,6.5783112,24.32,0.0,-1.6,224.3,298792.53,-49751.52,-1.0,11.738540061017174,19750.76614468652,19750.76614468652,22.262378549016237,7.546528709405744,86.80000000000001,29.610395946085205
1306894802.63,2.0169316,6.5783002,24.32,0.0,-1.7,224.2,298791.41,-49752.82,-1.0,11.53382409170526,17056.19855340204,17056.19855340204,22.957578712782254,7.619627686056095,87.8,29.610395946085205
1306894803.26,2.0168851,6.5782662,24.32,0.0,-1.7,224.2,298787.94,-49756.82,-1.0,11.738542994434873,11371.910955440604,11371.910955440604,23.346729370969435,7.435420298681336,89.8,29.610395946085205
1306894803.89,2.0168387,6.5782322,24.32,0.0,-1.8,224.2,298784.5,-49760.83,-1.0,11.738862364483735,9281.553929058506,9281.553929058506,24.073484307095214,7.5785060241300535,88.2,29.610395946085205
1306894804.74,2.0167765,6.5781865,24.32,0.0,-1.4,223.8,298779.88,-49766.21,-1.0,11.69722949677044,6847.5481862194465,6847.5481862194465,23.446629111490775,7.730543452931606,89.9,29.610395946085205
1306894805.18,2.0167439,6.5781626,24.32,0.0,-1.1,223.7,298777.44,-49769.03,-1.0,11.807156377845455,4700.602558746682,4700.602558746682,25.761677033488283,7.790128856754016,91.89999999999999,29.610395946085205
1306894805.6,2.0167131,6.57814,24.32,0.0,-1.2,223.6,298775.16,-49771.68,-1.0,11.676240160389119,5069.93902778205,5069.93902778205,28.59799121572719,7.6295521399115875,89.99999999999999,29.610395946085205
1306894806.02,2.0166824,6.5781174,24.32,0.0,-1.4,223.5,298772.88,-49774.34,-1.0,11.698897604407543,7386.8921743730825,7386.8921743730825,28.66390815245928,7.810700948778349,89.49999999999999,29.610395946085205
1306894806.44,2.0166513,6.5780946,24.32,0.0,-1.6,223.5,298770.56,-49777.03,-1.0,11.796274603536883,9094.7069897196,9094.7069897196,27.989603037310374,7.604106178181334,93.19999999999999,29.610395946085205
1306894806.86,2.0166206,6.5780719,24.32,0.0,-1.6,223.5,298768.28,-49779.7,-1.0,11.721568331854234,12268.495762675422,12268.495762675422,29.40248835803681,7.537014745511721,92.9,29.610395946085205
1306894807.29,2.0165891,6.5780485,24.32,0.0,-1.8,223.5,298765.94,-49782.45,-1.0,11.762003773762354,14816.08549808875,14816.08549808875,30.629554068950537,7.394347548080099,92.70000000000002,29.610395946085205
1306894808.13,2.0165266,6.5780021,24.32,0.0,-1.8,223.5,298761.28,-49787.92,-1.0,11.905502804190883,13420.091430399643,13420.091430399643,29.607322227098276,7.3815064681647815,92.60000000000001,29.610395946085205
1306894808.55,2.0164961,6.5779794,24.32,0.0,-1.4,223.1,298759.03,-49790.58,-1.0,11.677211660544087,15782.161367040802,15782.161367040802,31.628989297077887,7.515030213857214,90.10000000000001,29.610395946085205
1306894808.97,2.0164649,6.5779562,24.32,0.0,-1.2,223.2,298756.72,-49793.31,-1.0,11.87944643929557,14081.27544057541,14081.27544057541,32.08360218939306,7.387965119005518,91.5,29.610395946085205
1306894809.39,2.0164345,6.5779337,24.32,0.0,-1.3,223.2,298754.44,-49795.96,-1.0,11.676235805512428,14360.466383139867,14360.466383139867,33.13012062822553,7.167179733033717,90.3,29.610395946085205
1306894809.81,2.0164032,6.5779104,24.32,0.0,-1.4,223.2,298752.13,-49798.7,-1.0,11.902106842526736,13033.268639545015,13033.268639545015,31.373427106801092,6.939585167481225,89.0,29.610395946085205
1306894810.23,2.0163725,6.5778876,24.32,0.0,-1.4,223.2,298749.84,-49801.39,-1.0,11.774185944156821,12049.364302130916,12049.364302130916,29.51268283454134,7.089095278379805,90.0,29.610395946085205
1306894810.65,2.0163418,6.5778648,24.32,0.0,-1.5,223.2,298747.56,-49804.07,-1.0,11.744234826690509,11386.80817183776,11386.80817183776,28.014443208395093,7.022317366164873,89.10000000000001,29.610395946085205
1306894811.07,2.0163106,6.5778416,24.32,0.0,-1.8,223.2,298745.25,-49806.8,-1.0,11.87945091092491,11591.815043119628,11591.815043119628,28.732860977784892,7.33360383773601,86.00000000000001,29.610395946085205
1306894811.49,2.01628,6.5778189,24.32,0.0,-2.0,223.1,298742.97,-49809.47,-1.0,11.721563953615998,13258.100418864697,13258.100418864697,26.454056566366567,7.388004769930798,86.9,29.610395946085205
1306894811.91,2.016249,6.5777958,24.32,0.0,-1.8,223.2,298740.66,-49812.19,-1.0,11.856795040209969,12859.17248788579,12859.17248788579,24.931320352366967,7.363866011776999,87.50000000000001,29.610395946085205
1306894812.33,2.0162181,6.5777728,24.32,0.0,-1.5,223.2,298738.38,-49814.89,-1.0,11.78959445361893,13741.275649969799,13741.275649969799,23.747620258589414,7.263006312381938,85.50000000000001,29.610395946085205
1306894812.76,2.0161866,6.5777494,24.32,0.0,-1.3,223.2,298736.03,-49817.64,-1.0,11.769139043271872,13311.168836816589,13311.168836816589,21.03748609023594,7.139234861302086,87.80000000000001,29.610395946085205
1306894813.6,2.0161245,6.5777033,24.32,0.0,-1.3,223.2,298731.41,-49823.07,-1.0,11.845473271152354,13516.021486767115,13516.021486767115,19.507890745880854,7.2285130618107685,87.8,29.610395946085205
1306894814.02,2.0160938,6.5776804,24.32,0.0,-1.3,223.0,298729.13,-49825.77,-1.0,11.789590040109873,11665.196407515803,11665.196407515803,20.25924376389122,7.433043400701447,87.7,29.610395946085205
1306894814.44,2.0160628,6.5776574,24.32,0.0,-1.4,223.0,298726.81,-49828.48,-1.0,11.841526242242297,12963.481047211704,12963.481047211704,21.013619737717722,7.612884488793992,90.7,29.610395946085205
1306894814.86,2.0160316,6.5776341,24.32,0.0,-1.8,223.0,298724.5,-49831.22,-1.0,11.902106842526736,11687.333699780347,11687.333699780347,21.540237785710257,7.5445208314343795,90.0,29.610395946085205
1306894815.28,2.0160006,6.577611,24.32,0.0,-2.0,222.9,298722.19,-49833.94,-1.0,11.856795040209969,12402.805960741513,12402.805960741513,21.53728159690199,7.585875448471575,92.9,29.610395946085205
1306894815.7,2.0159698,6.5775881,24.32,0.0,-1.8,222.9,298719.91,-49836.63,-1.0,11.7669101975089,14218.7153766306,14218.7153766306,21.53500788951056,7.302974209454282,92.8,29.610395946085205
1306894816.12,2.0159392,6.5775653,24.32,0.0,-1.8,222.9,298717.66,-49839.3,-1.0,11.699920042347342,12721.025088612161,12721.025088612161,21.27363280474945,7.140510085444583,92.60000000000001,29.610395946085205
1306894816.54,2.0159091,6.5775423,24.32,0.0,-1.8,222.9,298715.41,-49842.01,-1.0,11.790792610451227,12514.694284014166,12514.694284014166,22.243543541468227,7.250353117941671,90.9,29.610395946085205
1306894816.96,2.0158787,6.5775193,24.32,0.0,-1.4,222.9,298713.16,-49844.71,-1.0,11.768066913372897,11599.180301140237,11599.180301140237,22.91259908471129,7.4367493199954735,90.6,29.610395946085205
1306894817.38,2.0158478,6.5774963,24.32,0.0,-1.2,222.9,298710.84,-49847.42,-1.0,11.841526242182761,9498.990447424338,9498.990447424338,24.612671820499436,7.4043899302724885,89.10000000000001,29.610395946085205
1306894818.23,2.0157852,6.5774498,24.32,0.0,-1.4,222.9,298706.22,-49852.89,-1.0,11.798041704522113,9936.830643073985,9936.830643073985,24.222738856016456,7.3639988889516985,88.30000000000001,29.610395946085205
1306894818.65,2.0157542,6.5774267,24.32,0.0,-1.8,222.9,298703.91,-49855.61,-1.0,11.856795040209969,11559.234847323303,11559.234847323303,22.408953536022963,7.519741669125479,89.80000000000001,29.610395946085205
1306894819.07,2.015723,6.5774035,24.32,0.0,-1.8,222.9,298701.59,-49858.34,-1.0,11.886800856541663,13549.623482217288,13549.623482217288,22.105632993234146,7.475954276914232,86.00000000000001,29.610395946085205
1306894819.49,2.0156921,6.5773805,24.32,0.0,-1.7,222.9,298699.28,-49861.05,-1.0,11.834148187953861,16129.437715293474,16129.437715293474,21.57366268590243,7.365411913784368,85.99999999999999,29.610395946085205
1306894819.91,2.0156614,6.5773577,24.32,0.0,-1.7,222.9,298697.0,-49863.73,-1.0,11.744234826690509,17171.34374598579,17171.34374598579,21.123228554483497,7.425686190481979,84.6,29.610395946085205
1306894820.35,2.015629,6.5773335,24.32,0.0,-1.7,222.9,298694.59,-49866.58,-1.0,11.850840927286091,15543.310397489695,15543.310397489695,20.26189465941978,7.655309915157942,84.60000000000001,29.610395946085205
1306894820.78,2.0155984,6.57731,24.32,0.0,-1.5,222.9,298692.31,-49869.34,-1.0,11.742292106559518,14052.679325150779,14052.679325150779,21.17507806980707,7.54831598359113,85.30000000000001,29.610395946085205
1306894821.21,2.0155671,6.5772863,24.32,0.0,-1.1,222.9,298690.0,-49872.13,-1.0,11.829604364102133,12041.407266788034,12041.407266788034,19.770233622818235,7.442219814030854,87.80000000000001,29.610395946085205
1306894821.63,2.0155365,6.5772634,24.32,0.0,-1.1,223.0,298687.72,-49874.81,-1.0,11.744234826690509,11347.465685920686,11347.465685920686,21.722398422599685,7.213809111665813,88.2,29.610395946085205
1306894822.06,2.0155048,6.5772399,24.32,0.0,-1.4,223.0,298685.38,-49877.59,-1.0,11.828449924254961,11153.526902685548,11153.526902685548,22.50990767731703,7.338558771016277,87.0,29.610395946085205
1306894822.49,2.0154731,6.5772163,24.32,0.0,-1.7,223.0,298683.03,-49880.36,-1.0,11.81340257426987,11780.448667709912,11780.448667709912,22.505689284532608,7.420384912874158,84.69999999999999,29.610395946085205
1306894822.91,2.0154419,6.577193,24.32,0.0,-1.7,223.0,298680.69,-49883.1,-1.0,11.924239311609607,12063.35547876933,12063.35547876933,22.938793219016233,7.192258060088177,83.69999999999999,29.610395946085205
1306894823.76,2.0153798,6.5771468,24.32,0.0,-1.9,223.0,298676.09,-49888.54,-1.0,11.757265556124421,13982.545960867234,13982.545960867234,23.13885830208061,7.316405274976242,86.2,29.610395946085205
1306894824.19,2.0153481,6.5771232,24.32,0.0,-1.8,223.0,298673.72,-49891.31,-1.0,11.827743972218629,14868.65683971646,14868.65683971646,23.757458110728997,7.280795142528697,85.10000000000001,29.610395946085205
1306894824.61,2.0153175,6.5770998,24.32,0.0,-1.4,223.0,298671.47,-49894.06,-1.0,11.88174229696948,15666.547490310903,15666.547490310903,23.908334396875343,7.332863659189017,84.4,29.610395946085205
1306894825.03,2.0152877,6.577077,24.32,0.0,-1.1,223.0,298669.25,-49896.74,-1.0,11.701418156272139,18472.462097689415,18472.462097689415,24.634991733118,7.382713633317212,86.7,29.610395946085205
1306894825.45,2.0152577,6.577054,24.32,0.0,-1.2,223.0,298667.03,-49899.43,-1.0,11.724176337812061,16702.07496173988,16702.07496173988,25.742331196199316,7.7422572114793144,88.5,29.610395946085205
1306894825.87,2.0152265,6.5770308,24.32,0.0,-1.4,223.0,298664.72,-49902.17,-1.0,11.90210684256931,16173.808865967882,16173.808865967882,26.6378184426131,7.932925452794368,88.20000000000002,29.610395946085205
1306894826.29,2.0151956,6.5770079,24.32,0.0,-1.4,223.1,298662.41,-49904.87,-1.0,11.811505908621537,16237.804020841719,16237.804020841719,24.51086965526847,8.12185191812365,89.4,29.610395946085205
1306894827.13,2.015134,6.576962,24.32,0.0,-1.7,223.1,298657.84,-49910.27,-1.0,11.79321546977441,13801.962306924524,13801.962306924524,24.543315216112518,8.09042473520932,90.10000000000001,29.610395946085205
1306894827.55,2.0151031,6.576939,24.32,0.0,-2.0,223.1,298655.53,-49912.97,-1.0,11.811510345128957,11914.175968772639,11914.175968772639,25.636762125518487,8.280487184693017,93.1,29.610395946085205
1306894827.97,2.0150718,6.5769156,24.32,0.0,-1.8,223.1,298653.22,-49915.72,-1.0,11.924762774128704,13783.886733725592,13783.886733725592,26.504337129401577,8.424394292525815,95.89999999999999,29.610395946085205
1306894828.39,2.0150411,6.5768929,24.32,0.0,-1.4,222.9,298650.94,-49918.39,-1.0,11.721563953573613,14251.835749699465,14251.835749699465,26.047762030802897,8.226250365182972,97.0,29.610395946085205
1306894828.81,2.0150107,6.5768699,24.32,0.0,-1.4,222.7,298648.69,-49921.1,-1.0,11.790797013029973,11896.1346765778,11896.1346765778,24.562582226504393,8.406690887603851,97.00000000000001,29.610395946085205
1306894829.65,2.0149502,6.5768237,24.32,0.0,-1.4,222.8,298644.19,-49926.53,-1.0,11.802157061533697,13832.726817183378,13832.726817183378,24.59604280374892,8.191779118544101,99.10000000000002,29.610395946085205
1306894830.07,2.0149196,6.5768005,24.32,0.0,-1.4,222.8,298641.91,-49929.25,-1.0,11.834967475056942,13433.369770049778,13433.369770049778,23.42893786172563,8.010748366859227,98.60000000000002,29.610395946085205
1306894830.49,2.0148887,6.5767776,24.32,0.0,-1.4,222.8,298639.63,-49931.95,-1.0,11.789590040109873,11906.91335595622,11906.91335595622,23.86494138431324,7.656342018478193,96.4,29.610395946085205
1306894830.91,2.014858,6.5767547,24.32,0.0,-1.8,222.8,298637.34,-49934.64,-1.0,11.774185944156821,12544.139245795208,12544.139245795208,24.070164151477137,7.497573342879833,94.10000000000001,29.610395946085205
1306894831.34,2.0148265,6.5767313,24.32,0.0,-2.0,223.0,298635.0,-49937.4,-1.0,11.784151085545922,12737.77579810434,12737.77579810434,23.435224182044507,7.26914991525036,92.4,29.610395946085205
1306894831.76,2.0147954,6.5767081,24.32,0.0,-1.8,222.9,298632.69,-49940.13,-1.0,11.879446439252913,11601.066099706924,11601.066099706924,20.854774894764425,7.49103250092775,92.5,29.610395946085205
1306894832.18,2.0147646,6.5766851,24.32,0.0,-1.5,222.9,298630.41,-49942.83,-1.0,11.78959004016852,11532.1609870961,11532.1609870961,20.02527629764075,7.332422589276921,89.10000000000001,29.610395946085205
1306894832.6,2.0147341,6.5766622,24.32,0.0,-1.4,222.9,298628.13,-49945.52,-1.0,11.766914599225155,12742.600389991188,12742.600389991188,20.368322542665712,7.372376768116797,87.20000000000002,29.610395946085205
1306894833.44,2.0146737,6.576616,24.32,0.0,-1.2,222.9,298623.66,-49950.95,-1.0,11.791574136484323,11713.503179427196,11713.503179427196,22.47359916377732,7.491783457268162,83.7,29.610395946085205
1306894833.86,2.0146427,6.5765929,24.32,0.0,-1.1,222.9,298621.34,-49953.66,-1.0,11.841530698121494,12717.558660682476,12717.558660682476,22.714311001419084,7.3660277323694245,86.3,29.610395946085205
1306894834.28,2.0146121,6.5765701,24.32,0.0,-1.4,222.9,298619.09,-49956.35,-1.0,11.745345510414293,12238.074107598251,12238.074107598251,22.381657242198234,7.395464773847056,86.19999999999999,29.610395946085205
1306894834.73,2.0145791,6.5765455,24.32,0.0,-1.8,222.9,298616.63,-49959.25,-1.0,11.816337828584464,11020.871412345135,11020.871412345135,23.659182190631277,7.3657914290397075,85.10000000000001,29.610395946085205
1306894835.15,2.0145482,6.5765225,24.32,0.0,-1.8,222.8,298614.34,-49961.95,-1.0,11.79685179892519,11160.32649529318,11160.32649529318,22.280610922840516,7.589526211381191,85.60000000000001,29.610395946085205
1306894835.99,2.0144873,6.576476,24.32,0.0,-1.6,222.8,298609.81,-49967.41,-1.0,11.846909682754756,10652.818792060243,10652.818792060243,23.37343812632985,7.751965821234145,84.60000000000001,29.610395946085205
1306894836.41,2.0144575,6.5764532,24.32,0.0,-1.6,222.8,298607.59,-49970.09,-1.0,11.701418156255583,10515.458257869543,10515.458257869543,25.160758825317696,7.7610777161387325,87.1,29.610395946085205
1306894836.83,2.0144269,6.5764304,24.32,0.0,-1.5,223.0,298605.34,-49972.77,-1.0,11.722632793738429,10694.71840319853,10694.71840319853,27.434365336328618,7.652531839504571,85.69999999999999,29.610395946085205
1306894837.25,2.0143956,6.5764071,24.32,0.0,-1.2,223.1,298603.0,-49975.52,-1.0,11.946857737971566,9973.383465036952,9973.383465036952,27.422149695368663,7.476429539123836,86.7,29.610395946085205
1306894837.67,2.0143649,6.5763843,24.32,0.0,-1.2,223.0,298600.72,-49978.2,-1.0,11.744234826690509,11206.134913880238,11206.134913880238,27.726881557265102,7.146893284606181,87.4,29.610395946085205
1306894838.09,2.0143338,6.5763612,24.32,0.0,-1.4,223.0,298598.41,-49980.92,-1.0,11.856799500141639,9978.147702627713,9978.147702627713,25.40335069494275,7.203177706680068,89.10000000000001,29.610395946085205
1306894838.51,2.0143028,6.576338,24.32,0.0,-1.7,223.0,298596.13,-49983.64,-1.0,11.834963037981712,11504.581096672695,11504.581096672695,25.2470681349446,7.21304321199451,86.8,29.610395946085205
1306894839.35,2.0142421,6.5762923,24.32,0.0,-1.7,222.7,298591.59,-49989.02,-1.0,11.759680352969102,14058.826717733053,14058.826717733053,26.19651045378252,7.201492739865851,86.50000000000001,29.610395946085205
1306894839.77,2.0142118,6.576269,24.32,0.0,-1.8,222.8,298589.34,-49991.76,-1.0,11.858995219513291,13889.717032044988,13889.717032044988,23.661036781501203,7.222016219254669,86.7,29.610395946085205
1306894840.19,2.0141818,6.5762462,24.32,0.0,-1.8,222.9,298587.13,-49994.44,-1.0,11.694436468765716,15224.13713841389,15224.13713841389,23.86494297446686,7.243308301810566,85.1,29.610395946085205
1306894840.61,2.0141508,6.5762231,24.32,0.0,-1.5,222.9,298584.81,-49997.16,-1.0,11.864163478559105,16099.643501443385,16099.643501443385,21.662305241360958,7.323951986430716,85.0,29.610395946085205
1306894841.03,2.0141197,6.5761999,24.32,0.0,-1.2,222.9,298582.53,-49999.88,-1.0,11.834963037965203,15184.465615569945,15184.465615569945,21.393914935388455,7.216029670642246,82.00000000000001,29.610395946085205
1306894841.87,2.014058,6.5761539,24.32,0.0,-1.4,222.8,298577.94,-50005.29,-1.0,11.811832348452379,14812.983922475414,14812.983922475414,21.908499172919626,7.021653473178981,82.40000000000002,29.610395946085205
1306894842.29,2.0140278,6.5761312,24.32,0.0,-1.4,222.7,298575.69,-50007.97,-1.0,11.722628426561192,15431.519620948913,15431.519620948913,24.35810447498191,7.041874887181108,84.9,29.610395946085205
1306894843.13,2.0139675,6.576085,24.32,0.0,-1.7,222.7,298571.22,-50013.39,-1.0,11.78019947597525,12955.621387585179,12955.621387585179,23.342915947893374,7.212419284034181,83.20000000000002,29.610395946085205
1306894843.55,2.0139363,6.5760619,24.32,0.0,-1.9,222.7,298568.91,-50016.11,-1.0,11.856799500141639,13211.555426963025,13211.555426963025,23.801172392870964,7.1923506983632155,83.2,29.610395946085205
1306894844.4,2.0138739,6.5760154,24.32,0.0,-1.5,222.7,298564.25,-50021.58,-1.0,11.812450692655817,12338.927550326172,12338.927550326172,23.561267162065253,7.280794857049308,84.2,29.610395946085205
1306894844.83,2.0138418,6.5759915,24.32,0.0,-1.2,222.7,298561.88,-50024.39,-1.0,11.916220254721866,10891.424887037807,10891.424887037807,22.7137553880358,7.345121757075699,83.8,29.610395946085205
1306894845.67,2.0137819,6.5759456,24.32,0.0,-1.4,222.7,298557.44,-50029.78,-1.0,11.735556993018998,14059.049239324118,14059.049239324118,24.8578769562933,7.4567539667893055,85.30000000000001,29.610395946085205
1306894846.09,2.0137513,6.5759223,24.32,0.0,-1.4,222.9,298555.16,-50032.52,-1.0,11.880358077095927,14451.915838261546,14451.915838261546,25.60894026919351,7.190894080901167,85.1,29.610395946085205
1306894846.51,2.0137209,6.5758997,24.32,0.0,-1.4,223.0,298552.91,-50035.18,-1.0,11.67720731692995,17218.558476250408,17218.558476250408,25.54861647696846,6.909948429217613,86.1,29.610395946085205
1306894846.93,2.0136898,6.5758764,24.32,0.0,-1.7,223.0,298550.59,-50037.92,-1.0,11.909438314953329,16798.222288796016,16798.222288796016,24.94381656482481,7.280736335176221,87.1,29.610395946085205
1306894847.35,2.0136592,6.5758537,24.32,0.0,-2.0,223.0,298548.31,-50040.59,-1.0,11.721568331896622,17967.23600943972,17967.23600943972,24.14515540153028,7.514479993046667,87.10000000000001,29.610395946085205
1306894847.77,2.0136284,6.5758307,24.32,0.0,-1.9,223.0,298546.03,-50043.29,-1.0,11.789590040126377,14985.446382094999,14985.446382094999,24.251300530011413,7.83771309273436,85.80000000000001,29.610395946085205
1306894848.19,2.0135973,6.5758077,24.32,0.0,-1.5,222.8,298543.72,-50046.01,-1.0,11.856795040252708,12839.788033249626,12839.788033249626,24.24194790832367,7.8001840434314405,85.30000000000003,29.610395946085205
1306894848.61,2.0135673,6.5757847,24.32,0.0,-1.5,222.7,298541.5,-50048.7,-1.0,11.724180694240706,13186.320062730647,13186.320062730647,25.0240313369131,7.5377981994755885,86.4,29.610395946085205
1306894849.45,2.013507,6.5757386,24.32,0.0,-1.3,222.7,298537.03,-50054.12,-1.0,11.78019947596307,11830.806133967337,11830.806133967337,27.766315500032928,7.494957994835482,86.80000000000001,29.610395946085205
1306894849.87,2.0134761,6.5757156,24.32,0.0,-1.3,222.7,298534.72,-50056.83,-1.0,11.834152636195828,12039.249466081603,12039.249466081603,27.420910794471638,7.622852437266654,85.1,29.610395946085205
1306894850.29,2.0134448,6.5756923,24.32,0.0,-1.3,223.0,298532.41,-50059.57,-1.0,11.90210235913963,12891.280844485078,12891.280844485078,27.063917643843794,7.661107959916096,84.6,29.610395946085205
1306894850.71,2.0134142,6.5756695,24.32,0.0,-1.7,223.0,298530.13,-50062.25,-1.0,11.744234826648203,14708.241445255664,14708.241445255664,27.09684338653403,7.964903009276326,87.3,29.610395946085205
1306894851.13,2.0133829,6.5756461,24.32,0.0,-1.7,223.0,298527.81,-50065.0,-1.0,11.932084798118623,11750.26558079554,11750.26558079554,28.336740571340176,8.219012806148049,87.7,29.610395946085205
1306894851.55,2.0133522,6.5756233,24.32,0.0,-1.8,222.7,298525.53,-50067.68,-1.0,11.744239216663859,15224.047616056372,15224.047616056372,30.03685258185118,7.909813550922927,89.4,29.610395946085205
1306894851.97,2.0133224,6.5756005,24.32,0.0,-1.6,222.7,298523.31,-50070.36,-1.0,11.701418156312906,13133.920315982676,13133.920315982676,29.62770821910279,7.739365201207834,90.20000000000002,29.610395946085205
1306894852.4,2.0132919,6.575577,24.32,0.0,-1.6,222.8,298521.06,-50073.13,-1.0,11.74419622022847,10817.659645735659,10817.659645735659,29.326549134129465,7.677730246766377,89.2,29.610395946085205
1306894852.82,2.0132609,6.5755538,24.32,0.0,-1.6,222.8,298518.75,-50075.85,-1.0,11.856799500141639,11360.782826225812,11360.782826225812,30.022744806565875,7.903215983292254,91.9,29.610395946085205
1306894853.24,2.0132299,6.5755308,24.32,0.0,-1.2,222.8,298516.44,-50078.56,-1.0,11.834148187937386,10976.625234396795,10976.625234396795,30.417828701073972,8.135119899628874,91.4,29.610395946085205
1306894853.66,2.0131992,6.5755079,24.32,0.0,-1.2,222.8,298514.16,-50081.25,-1.0,11.766910197525398,10586.12728033512,10586.12728033512,28.667617508567794,8.039629783760105,90.10000000000001,29.610395946085205
1306894854.08,2.0131683,6.5754849,24.32,0.0,-1.3,222.8,298511.88,-50083.96,-1.0,11.812278754070705,11874.86532391145,11874.86532391145,30.546175344198794,7.7538604997039515,91.1,29.610395946085205
1306894854.5,2.013138,6.5754618,24.32,0.0,-1.7,222.8,298509.63,-50086.68,-1.0,11.813522576867465,14301.887939845863,14301.887939845863,30.59630592390213,7.764338658312569,89.2,29.610395946085205
1306894855.34,2.0130766,6.5754154,24.32,0.0,-1.7,222.8,298505.06,-50092.13,-1.0,11.849919342434182,13387.785831779262,13387.785831779262,29.036522583458332,7.665493665551873,88.60000000000001,29.610395946085205
1306894856.62,2.0129827,6.5753452,24.32,0.0,-1.5,222.8,298498.09,-50100.39,-1.0,11.818076153107544,14925.049313994015,14925.049313994015,30.613992947446594,7.372925653546782,87.7,29.610395946085205
1306894857.04,2.0129526,6.5753222,24.32,0.0,-1.2,222.8,298495.84,-50103.09,-1.0,11.768066913372897,14841.098514552821,14841.098514552821,30.135659720306453,7.657294194767029,87.4,29.610395946085205
1306894857.46,2.0129227,6.5752993,24.32,0.0,-1.2,222.8,298493.63,-50105.78,-1.0,11.71720821075458,14392.30186441067,14392.30186441067,29.109102702003028,7.6998719946342655,89.7,29.610395946085205
1306894857.9,2.0128911,6.5752755,24.32,0.0,-1.3,222.8,298491.28,-50108.58,-1.0,11.701247801551677,13552.879223883692,13552.879223883692,27.603387075990227,7.454308835469639,91.50000000000001,29.610395946085205
1306894858.33,2.0128594,6.5752519,24.32,0.0,-1.6,222.8,298488.94,-50111.36,-1.0,11.828449924296141,11989.971052654773,11989.971052654773,27.589747404928854,7.320442804040801,91.20000000000002,29.610395946085205
1306894859.17,2.0127976,6.5752058,24.32,0.0,-1.7,222.9,298484.34,-50116.77,-1.0,11.81548472274453,11621.2954398964,11621.2954398964,27.677926622046773,7.316828736983716,92.5,29.610395946085205
1306894859.59,2.0127662,6.5751826,24.32,0.0,-1.9,222.9,298482.0,-50119.51,-1.0,11.924243818068321,10882.71285789219,10882.71285789219,29.105592779135534,7.291127340057172,94.9,29.610395946085205
1306894860.01,2.0127359,6.5751596,24.32,0.0,-1.9,222.9,298479.75,-50122.2,-1.0,11.745345510414293,13023.368593232313,13023.368593232313,27.76172741845275,7.313972170466697,95.60000000000001,29.610395946085205
1306894860.43,2.0127055,6.5751364,24.32,0.0,-1.6,222.9,298477.5,-50124.94,-1.0,11.858995219513291,14736.49577025944,14736.49577025944,28.342099416186006,7.344390721077568,98.10000000000001,29.610395946085205
1306894860.85,2.0126759,6.5751137,24.32,0.0,-1.2,222.8,298475.31,-50127.6,-1.0,11.635025316238416,17417.77113584841,17417.77113584841,27.70603422124534,7.152049584027843,98.5,29.610395946085205
1306894861.27,2.012645,6.5750904,24.32,0.0,-1.2,222.9,298473.03,-50130.34,-1.0,11.88035361646625,15568.49645567338,15568.49645567338,27.007446178407562,7.441367292480509,101.6,29.610395946085205
1306894861.7,2.0126136,6.575067,24.32,0.0,-1.4,223.0,298470.69,-50133.09,-1.0,11.762003773762354,15273.323772883932,15273.323772883932,27.741666559708115,7.219143339736149,99.10000000000001,29.610395946085205
1306894862.55,2.012551,6.5750205,24.32,0.0,-1.5,222.9,298466.03,-50138.57,-1.0,11.823646058559644,13272.898311140008,13272.898311140008,27.88748295189156,7.314940145679751,98.60000000000001,29.610395946085205
1306894862.97,2.0125199,6.5749972,24.32,0.0,-1.7,222.8,298463.72,-50141.3,-1.0,11.879446439312053,10916.113711636424,10916.113711636424,27.40198925706258,7.635461827348422,95.60000000000001,29.610395946085205
1306894863.39,2.01249,6.5749745,24.32,0.0,-2.0,222.7,298461.5,-50143.98,-1.0,11.701418156272139,12031.86185703647,12031.86185703647,25.486179545401857,7.577195354124479,94.4,29.610395946085205
1306894863.81,2.0124599,6.5749514,24.32,0.0,-1.9,222.8,298459.28,-50146.68,-1.0,11.746943055388948,11123.503711096813,11123.503711096813,25.23869872916233,7.689096515870871,91.9,29.610395946085205
1306894864.23,2.0124292,6.5749282,24.32,0.0,-1.6,222.9,298457.0,-50149.41,-1.0,11.857656142312004,11151.291226675401,11151.291226675401,25.349781293966714,7.714995250319028,92.30000000000001,29.610395946085205
1306894864.65,2.0123983,6.5749053,24.32,0.0,-1.3,222.9,298454.69,-50152.11,-1.0,11.811505908605065,11971.960173614252,11971.960173614252,26.599083632560408,7.985669884595792,93.00000000000001,29.610395946085205
1306894865.07,2.0123674,6.5748822,24.32,0.0,-1.3,222.9,298452.41,-50154.82,-1.0,11.812278754112768,12367.633863197843,12367.633863197843,26.322793260882516,7.749475893684257,89.9,29.610395946085205
1306894865.93,2.0123039,6.5748349,24.32,0.0,-1.3,222.9,298447.69,-50160.39,-1.0,11.853741493167227,11235.179745458632,11235.179745458632,28.13724014742274,8.102071485306888,88.89999999999999,29.610395946085205
1306894866.35,2.0122741,6.5748121,24.32,0.0,-1.3,222.7,298445.47,-50163.07,-1.0,11.70142250091534,14376.076854569865,14376.076854569865,26.867166107617894,8.133522177778051,86.39999999999999,29.610395946085205
1306894866.77,2.0122436,6.5747888,24.32,0.0,-1.7,222.8,298443.22,-50165.81,-1.0,11.858995219496746,12235.724544900164,12235.724544900164,24.734007968096698,8.165409788585142,85.99999999999999,29.610395946085205
1306894867.19,2.0122134,6.5747661,24.32,0.0,-2.0,222.9,298440.97,-50168.47,-1.0,11.67720731692995,12672.513029859892,12672.513029859892,25.30128195492856,7.950828428691009,83.5,29.610395946085205
1306894867.61,2.0121827,6.5747432,24.32,0.0,-1.8,222.9,298438.69,-50171.17,-1.0,11.78959445361893,11771.367054594477,11771.367054594477,25.343079838971757,7.906967201410688,84.50000000000001,29.610395946085205
1306894868.05,2.0121501,6.5747189,24.32,0.0,-1.6,222.9,298436.25,-50174.02,-1.0,11.871919700989638,10002.390644213167,10002.390644213167,25.344033167391004,7.872327515945498,84.7,29.610395946085205
1306894868.47,2.0121195,6.5746961,24.32,0.0,-1.6,222.8,298434.0,-50176.71,-1.0,11.745345510430823,10888.023649674184,10888.023649674184,23.508410739594726,7.773571787513124,84.4,29.610395946085205
1306894868.89,2.0120885,6.5746728,24.32,0.0,-1.4,222.7,298431.69,-50179.45,-1.0,11.90210235913963,11031.804858720467,11031.804858720467,21.772983012071805,7.759423649357909,81.10000000000001,29.610395946085205
1306894869.31,2.0120584,6.5746497,24.32,0.0,-1.3,222.8,298429.44,-50182.16,-1.0,11.79079701304651,12765.10187238692,12765.10187238692,22.43553701279577,7.530853593404102,80.39999999999999,29.610395946085205
1306894869.73,2.0120287,6.574627,24.32,0.0,-1.1,222.8,298427.25,-50184.83,-1.0,11.657811563144621,15121.993698762324,15121.993698762324,21.519786353784788,7.833559335074798,82.7,29.610395946085205
1306894870.15,2.0119975,6.5746037,24.32,0.0,-1.3,222.8,298424.94,-50187.57,-1.0,11.90210235913963,13897.270865620172,13897.270865620172,20.384228764194173,7.744152273533535,84.80000000000001,29.610395946085205
1306894870.57,2.0119668,6.5745808,24.32,0.0,-1.7,222.8,298422.66,-50190.26,-1.0,11.76691459928388,14285.150117255307,14285.150117255307,22.211583704968255,7.561700703717881,84.00000000000001,29.610395946085205
1306894870.99,2.0119358,6.574558,24.32,0.0,-1.9,222.8,298420.34,-50192.95,-1.0,11.796274603477189,14338.660274124668,14338.660274124668,22.826530261802013,7.53828607226451,84.6,29.610395946085205
1306894871.41,2.0119045,6.5745346,24.32,0.0,-1.9,222.8,298418.03,-50195.71,-1.0,11.947427658515613,10685.779304555965,10685.779304555965,23.437152880324767,7.7180134911939025,87.80000000000001,29.610395946085205
1306894871.83,2.011875,6.5745119,24.32,0.0,-1.9,222.8,298415.84,-50198.36,-1.0,11.61223884810523,13819.144554109478,13819.144554109478,23.014007120271103,7.792201838302362,90.20000000000002,29.610395946085205
1306894872.68,2.0118139,6.5744652,24.32,0.0,-1.9,222.8,298411.31,-50203.85,-1.0,11.78871322525346,12460.105386298614,12460.105386298614,25.217353773429178,7.997568339860347,90.4,29.610395946085205
1306894873.1,2.0117828,6.5744421,24.32,0.0,-1.2,222.8,298409.0,-50206.57,-1.0,11.856799500141639,10159.519597528286,10159.519597528286,25.069251473038232,7.8046792211860785,92.60000000000002,29.610395946085205
1306894873.94,2.011721,6.5743961,24.32,0.0,-1.3,222.9,298404.41,-50211.98,-1.0,11.811830133032254,11991.00497508522,11991.00497508522,26.26967159210558,7.956767158322953,95.0,29.610395946085205
1306894874.36,2.01169,6.574373,24.32,0.0,-1.6,222.9,298402.09,-50214.7,-1.0,11.864163478499647,9845.099597098395,9845.099597098395,24.55468265277103,7.945169696027483,96.40000000000002,29.610395946085205
1306894874.78,2.0116594,6.5743502,24.32,0.0,-1.6,222.8,298399.81,-50217.39,-1.0,11.766910197525398,8174.421235641934,8174.421235641934,23.502375567669745,7.6430639014781185,95.50000000000001,29.610395946085205
1306894875.2,2.0116288,6.5743269,24.32,0.0,-1.6,222.7,298397.56,-50220.12,-1.0,11.836256788025507,10875.524846261522,10875.524846261522,24.70347516239623,7.6688127866912374,92.2,29.610395946085205
1306894875.62,2.0115985,6.5743037,24.32,0.0,-1.8,222.7,298395.31,-50222.85,-1.0,11.836261214226068,11802.234349564142,11802.234349564142,23.996253801992825,7.816780692344872,95.5,29.610395946085205
1306894876.47,2.0115373,6.5742575,24.32,0.0,-1.6,222.7,298390.75,-50228.28,-1.0,11.731844503961002,12708.612277615208,12708.612277615208,23.794521377333457,7.923706279037474,97.90000000000002,29.610395946085205
1306894876.89,2.0115061,6.5742343,24.32,0.0,-1.2,223.0,298388.44,-50231.01,-1.0,11.879446439269396,15091.769844922388,15091.769844922388,24.674504481569983,7.8768113371462025,96.4,29.610395946085205
1306894877.73,2.0114446,6.5741884,24.32,0.0,-1.3,223.0,298383.88,-50236.4,-1.0,11.77825176527173,15778.467543808469,15778.467543808469,26.44445147388298,7.733550095635401,93.30000000000001,29.610395946085205
1306894878.16,2.011413,6.5741649,24.32,0.0,-1.5,223.0,298381.53,-50239.17,-1.0,11.813402574253764,16579.952443903698,16579.952443903698,26.571829792109998,7.6758484880412805,94.9,29.610395946085205
1306894879.0,2.0113527,6.5741189,24.32,0.0,-1.7,223.0,298377.06,-50244.57,-1.0,11.757455493458975,16536.70242457471,16536.70242457471,28.93883377122143,7.944572721835848,92.00000000000001,29.610395946085205
1306894879.42,2.0113216,6.5740954,24.32,0.0,-1.9,223.0,298374.75,-50247.34,-1.0,11.970096987023005,17013.954813187032,17013.954813187032,27.521345068184683,7.837884391255092,90.50000000000001,29.610395946085205
1306894879.84,2.0112912,6.5740728,24.32,0.0,-1.9,222.8,298372.47,-50250.0,-1.0,11.698901971019936,19886.95273362533,19886.95273362533,28.373423696529205,7.953633880333764,87.1,29.610395946085205
1306894880.26,2.0112602,6.5740496,24.32,0.0,-1.6,222.8,298370.19,-50252.72,-1.0,11.834963037981712,16435.690320887694,16435.690320887694,30.73725218115687,8.101640104638289,87.60000000000001,29.610395946085205
1306894880.68,2.0112292,6.5740265,24.32,0.0,-1.3,222.8,298367.88,-50255.44,-1.0,11.856795040209969,16851.5350358223,16851.5350358223,30.003558839385366,7.851089750497943,89.0,29.610395946085205
1306894881.1,2.0111991,6.5740035,24.32,0.0,-1.3,222.8,298365.63,-50258.14,-1.0,11.768071304143621,17097.166273829655,17097.166273829655,28.47190994159325,7.751193146671174,87.80000000000001,29.610395946085205
1306894881.52,2.011169,6.5739805,24.32,0.0,-1.3,222.8,298363.41,-50260.85,-1.0,11.7697051800094,13075.242405365978,13075.242405365978,29.868146411349283,7.587411522044485,85.80000000000001,29.610395946085205
1306894881.94,2.0111383,6.5739577,24.32,0.0,-1.3,222.9,298361.13,-50263.53,-1.0,11.744234826648203,12559.075609701129,12559.075609701129,28.78564936083171,7.452197542402316,85.89999999999999,29.610395946085205
1306894882.78,2.0110765,6.5739116,24.32,0.0,-1.6,222.8,298356.53,-50268.96,-1.0,11.83814555869377,12193.161246114489,12193.161246114489,29.778691070548106,7.600788651061484,86.0,29.610395946085205
1306894883.2,2.0110463,6.5738886,24.32,0.0,-2.0,222.7,298354.28,-50271.65,-1.0,11.745345510430823,10641.053757731283,10641.053757731283,28.89197212299558,7.527056953797384,83.3,29.610395946085205
1306894883.62,2.0110163,6.5738656,24.32,0.0,-1.9,222.8,298352.06,-50274.35,-1.0,11.746943055429558,8872.496795441755,8872.496795441755,27.55352032036422,7.341777931076276,84.3,29.610395946085205
1306894884.04,2.0109852,6.5738422,24.32,0.0,-1.6,222.8,298349.75,-50277.11,-1.0,11.947427658515613,10329.231020350764,10329.231020350764,28.163261462578838,7.494407838325465,84.89999999999999,29.610395946085205
1306894884.46,2.0109545,6.5738193,24.32,0.0,-1.4,222.8,298347.47,-50279.8,-1.0,11.766910197525398,10803.638970447873,10803.638970447873,27.958416156696245,7.5177202827982335,85.39999999999999,29.610395946085205
1306894885.3,2.0108924,6.5737731,24.32,0.0,-1.3,222.8,298342.88,-50285.24,-1.0,11.84583245507074,11392.664807536436,11392.664807536436,28.336448311864313,7.515292029098008,83.60000000000001,29.610395946085205
1306894885.72,2.010862,6.5737504,24.32,0.0,-1.3,222.8,298340.59,-50287.91,-1.0,11.728867829848262,12849.936400674575,12849.936400674575,27.395315840509294,7.677410751106546,81.80000000000001,29.610395946085205
1306894886.56,2.0108016,6.5737042,24.32,0.0,-1.6,222.8,298336.13,-50293.33,-1.0,11.776692575955739,12348.831624648294,12348.831624648294,28.077402579176564,7.845860911462015,82.5,29.610395946085205
1306894886.98,2.010771,6.5736814,24.32,0.0,-1.9,222.8,298333.84,-50296.02,-1.0,11.774185944140331,10196.640662741755,10196.640662741755,28.338029784720597,7.7623217639911495,83.60000000000002,29.610395946085205
1306894887.4,2.0107399,6.5736584,24.32,0.0,-1.8,222.8,298331.53,-50298.73,-1.0,11.834148187953861,6618.876714884993,6618.876714884993,29.254482981725793,8.048107986296602,82.9,29.610395946085205
1306894889.09,2.0106164,6.5735658,24.32,0.0,-1.3,222.8,298322.38,-50309.61,-1.0,11.794092262590246,6573.077999565919,6573.077999565919,26.96772169313544,7.855559656696153,84.0,29.610395946085205
1306894889.51,2.0105862,6.5735426,24.32,0.0,-1.1,222.8,298320.13,-50312.34,-1.0,11.836256788008965,6651.587700346185,6651.587700346185,27.5654692513658,7.866763155862167,86.80000000000001,29.610395946085205
1306894889.93,2.0105561,6.5735196,24.32,0.0,-1.2,222.8,298317.91,-50315.04,-1.0,11.746938687150788,9047.812232557995,9047.812232557995,26.699749763956277,8.05828133649947,88.10000000000001,29.610395946085205
1306894890.35,2.0105255,6.5734965,24.32,0.0,-1.6,222.9,298315.63,-50317.75,-1.0,11.812278754070705,12692.351542967695,12692.351542967695,27.874312091582105,7.795784618046386,89.0,29.610395946085205
1306894890.77,2.0104942,6.5734732,24.32,0.0,-1.8,222.9,298313.28,-50320.5,-1.0,11.954308494466225,14091.723646227589,14091.723646227589,26.5207522318738,7.712385453658561,90.60000000000002,29.610395946085205
1306894891.19,2.0104635,6.5734505,24.32,0.0,-1.7,222.9,298311.0,-50323.18,-1.0,11.744234826690509,16966.22149699656,16966.22149699656,24.328896054145986,7.6478143366882385,91.7,29.610395946085205
1306894892.45,2.0103727,6.5733816,24.32,0.0,-1.6,222.9,298304.28,-50331.27,-1.0,11.75340280104396,14488.85395582783,14488.85395582783,25.85561225069138,7.657157622484752,93.4,29.610395946085205
1306894892.87,2.0103418,6.5733585,24.32,0.0,-1.3,222.9,298301.97,-50333.98,-1.0,11.834152636212304,13089.801709090885,13089.801709090885,25.720055490503555,7.536221149514212,94.10000000000001,29.610395946085205
1306894893.29,2.0103107,6.5733354,24.32,0.0,-1.3,222.9,298299.66,-50336.7,-1.0,11.85679504019349,12414.697040531346,12414.697040531346,23.91257498991348,7.829184824395299,94.60000000000001,29.610395946085205
1306894893.71,2.0102796,6.5733122,24.32,0.0,-1.2,222.8,298297.34,-50339.43,-1.0,11.886796377229299,10754.513909736184,10754.513909736184,23.214332966839017,7.795385127980545,95.20000000000002,29.610395946085205
1306894894.13,2.0102492,6.5732895,24.32,0.0,-1.5,222.8,298295.09,-50342.1,-1.0,11.699915686938953,10431.19750230715,10431.19750230715,25.356433667478697,7.645816692066461,95.20000000000002,29.610395946085205
1306894894.55,2.0102188,6.5732663,24.32,0.0,-1.5,222.7,298292.84,-50344.82,-1.0,11.813526991261684,11187.892367076643,11187.892367076643,23.103303230269248,7.671804959481619,91.90000000000002,29.610395946085205
1306894894.98,2.0101879,6.5732427,24.32,0.0,-1.5,222.8,298290.56,-50347.61,-1.0,11.808982227654141,11859.075061536216,11859.075061536216,25.296477688087045,7.340650138547738,89.9,29.610395946085205
1306894895.4,2.0101577,6.5732197,24.32,0.0,-1.8,222.9,298288.31,-50350.3,-1.0,11.745345510430823,12388.26137889597,12388.26137889597,23.85488190000738,7.270367920082346,88.30000000000001,29.610395946085205
1306894895.82,2.0101269,6.5731967,24.32,0.0,-1.8,223.0,298286.03,-50353.01,-1.0,11.812278754070705,12474.54186941194,12474.54186941194,25.032119811850364,7.269375650678469,87.30000000000001,29.610395946085205
1306894896.24,2.0100958,6.5731736,24.32,0.0,-1.7,223.0,298283.72,-50355.73,-1.0,11.856795040252708,12560.279414248158,12560.279414248158,25.4293246219349,7.366781722324608,86.70000000000002,29.610395946085205
1306894896.67,2.0100642,6.57315,24.32,0.0,-1.3,223.0,298281.38,-50358.5,-1.0,11.806294055906994,13472.693419460627,13472.693419460627,25.354465038770226,7.306963829021151,88.70000000000002,29.610395946085205
1306894897.09,2.0100335,6.5731272,24.32,0.0,-1.3,222.9,298279.06,-50361.19,-1.0,11.79627903608422,12348.489123468398,12348.489123468398,26.073358681418377,7.075564173344399,87.9,29.610395946085205
1306894897.51,2.0100025,6.5731041,24.32,0.0,-1.3,222.8,298276.78,-50363.9,-1.0,11.81227432880338,12343.396826756141,12343.396826756141,25.49189611103052,6.95473580382321,85.4,29.610395946085205
1306894898.35,2.0099421,6.5730578,24.32,0.0,-1.3,222.8,298272.28,-50369.34,-1.0,11.813524784055643,13952.537930728606,13952.537930728606,26.286667730697296,6.814354596200867,86.40000000000002,29.610395946085205
1306894898.77,2.009912,6.5730351,24.32,0.0,-1.5,222.9,298270.06,-50372.01,-1.0,11.678664166912915,12157.314254999304,12157.314254999304,24.260363525819713,7.1006876132488035,85.50000000000001,29.610395946085205
1306894899.21,2.0098795,6.573011,24.32,0.0,-1.9,222.9,298267.66,-50374.85,-1.0,11.82224465248665,10495.965727075012,10495.965727075012,24.37671285902213,7.1788777737349765,85.6,29.610395946085205
1306894899.63,2.0098485,6.5729879,24.32,0.0,-1.9,222.9,298265.34,-50377.57,-1.0,11.864159010894493,11684.761949970654,11684.761949970654,23.218788735802832,7.508832522462356,88.70000000000002,29.610395946085205
1306894900.05,2.0098175,6.5729649,24.32,0.0,-1.7,222.9,298263.03,-50380.27,-1.0,11.811510345112485,11800.793508994537,11800.793508994537,23.565173464659097,7.775936541330678,89.30000000000001,29.610395946085205
1306894900.47,2.009787,6.5729418,24.32,0.0,-1.4,222.9,298260.78,-50382.99,-1.0,11.813522576867465,10997.437179202652,10997.437179202652,23.313996938095492,8.011518128562946,90.30000000000001,29.610395946085205
1306894900.89,2.009757,6.5729189,24.32,0.0,-1.4,222.9,298258.56,-50385.68,-1.0,11.72417633785275,13011.585477135692,13011.585477135692,23.458970840072492,8.109992761959882,93.00000000000003,29.610395946085205
1306894901.31,2.009727,6.5728958,24.32,0.0,-1.3,222.8,298256.31,-50388.38,-1.0,11.768071304143621,13718.164508757842,13718.164508757842,24.47295242752311,8.115971148177898,91.70000000000002,29.610395946085205
1306894901.73,2.0096963,6.5728727,24.32,0.0,-1.2,222.8,298254.03,-50391.11,-1.0,11.857656142270104,12419.150611152256,12419.150611152256,23.89653847701466,8.367100986948678,89.20000000000002,29.610395946085205
1306894902.15,2.0096654,6.5728498,24.32,0.0,-1.2,222.8,298251.75,-50393.8,-1.0,11.766910197525398,13408.686324214283,13408.686324214283,24.5837562625705,8.462717133707319,92.50000000000001,29.610395946085205
1306894902.57,2.0096346,6.5728267,24.32,0.0,-1.5,222.8,298249.47,-50396.51,-1.0,11.812278754112768,13126.337935498423,13126.337935498423,23.392587652093646,8.509203051082748,90.30000000000001,29.610395946085205
1306894903.0,2.0096028,6.5728032,24.32,0.0,-1.9,222.9,298247.09,-50399.28,-1.0,11.83497670101199,12070.755762251965,12070.755762251965,22.901902784833837,8.19418593529436,92.7,29.610395946085205
1306894903.42,2.0095717,6.57278,24.32,0.0,-1.9,222.9,298244.78,-50402.02,-1.0,11.90210235913963,13101.125275713948,13101.125275713948,23.10333205720453,8.042740454662017,94.7,29.610395946085205
1306894903.84,2.0095413,6.572757,24.32,0.0,-1.7,222.7,298242.53,-50404.71,-1.0,11.745349889401028,14372.15732224958,14372.15732224958,24.68772418384179,7.804078741166265,93.00000000000001,29.610395946085205
1306894904.26,2.0095109,6.5727338,24.32,0.0,-1.5,222.7,298240.28,-50407.44,-1.0,11.836256788025507,13295.259816886064,13295.259816886064,25.64736696614706,7.541890792055631,91.20000000000002,29.610395946085205
1306894904.68,2.0094815,6.5727112,24.32,0.0,-1.5,222.8,298238.09,-50410.09,-1.0,11.612234561427774,15051.788281279329,15051.788281279329,25.776363550677463,7.219673557022241,91.4,29.610395946085205
1306894905.1,2.0094505,6.5726879,24.32,0.0,-1.4,222.9,298235.78,-50412.84,-1.0,11.924767269212605,12229.164028560508,12229.164028560508,26.930227228437296,7.086456158823616,88.2,29.610395946085205
1306894905.53,2.0094192,6.5726645,24.32,0.0,-1.1,223.0,298233.47,-50415.58,-1.0,11.718669670426594,12515.051687770374,12515.051687770374,27.018114453397196,7.1283177609049355,88.20000000000002,29.610395946085205
1306894905.95,2.0093882,6.5726415,24.32,0.0,-1.2,223.0,298231.16,-50418.29,-1.0,11.834148187937386,11792.72183116267,11792.72183116267,27.410917396907827,6.959143814059398,91.50000000000001,29.610395946085205
1306894906.37,2.0093575,6.5726186,24.32,0.0,-1.5,223.0,298228.88,-50420.98,-1.0,11.766914599241655,11068.466577032676,11068.466577032676,27.79749500286716,7.034227073240963,88.60000000000001,29.610395946085205
1306894906.79,2.0093262,6.5725954,24.32,0.0,-1.8,223.0,298226.56,-50423.71,-1.0,11.886796377255735,11919.317731868496,11919.317731868496,28.21852895883492,6.977653624181205,89.80000000000001,29.610395946085205
1306894908.06,2.0092348,6.5725257,24.32,0.0,-1.8,223.0,298219.78,-50431.9,-1.0,11.781874948375668,13497.59372341262,13497.59372341262,30.017270982868567,7.071185048576087,87.7,29.610395946085205
1306894908.9,2.009173,6.5724797,24.32,0.0,-1.3,223.0,298215.19,-50437.32,-1.0,11.82316237591463,14835.215763678074,14835.215763678074,29.269343510171836,7.054492500765276,85.5,29.610395946085205
1306894909.33,2.0091417,6.5724564,24.32,0.0,-1.1,223.0,298212.84,-50440.06,-1.0,11.747018087502115,15686.293054392872,15686.293054392872,26.92329603326649,7.043237789056383,84.5,29.610395946085205
1306894909.75,2.0091106,6.5724333,24.32,0.0,-1.2,223.0,298210.53,-50442.77,-1.0,11.834148187937386,16260.1551117976,16260.1551117976,25.976059598056654,7.29488347348598,85.10000000000001,29.610395946085205
1306894910.18,2.0090799,6.5724098,24.32,0.0,-1.5,223.0,298208.28,-50445.54,-1.0,11.744196220244673,14343.603432777434,14343.603432777434,24.65914384880633,7.29856130529587,85.50000000000001,29.610395946085205
1306894910.6,2.00905,6.5723867,24.32,0.0,-1.7,222.8,298206.03,-50448.25,-1.0,11.790797013029973,14800.054197098545,14800.054197098545,24.35573165957741,7.109475036710837,85.9,29.610395946085205
1306894911.02,2.0090194,6.5723635,24.32,0.0,-1.7,222.9,298203.78,-50450.97,-1.0,11.813522576867465,13065.566514654995,13065.566514654995,24.350144230966748,6.921424599212828,85.6,29.610395946085205
1306894911.45,2.0089876,6.5723399,24.32,0.0,-1.8,222.9,298201.41,-50453.75,-1.0,11.849855410571383,14179.589540565954,14179.589540565954,24.407368500093806,6.8814886003705125,81.8,29.610395946085205
1306894912.3,2.0089254,6.5722936,24.32,0.0,-1.7,222.9,298196.78,-50459.2,-1.0,11.779224977566166,14371.70313308178,14371.70313308178,24.587987987049765,6.550243239975456,84.8,29.610395946085205
1306894912.73,2.0088937,6.5722699,24.32,0.0,-1.3,222.9,298194.44,-50461.99,-1.0,11.850601358544488,14515.37055544075,14515.37055544075,24.836184178328274,6.760969759483709,85.20000000000002,29.610395946085205
1306894913.15,2.0088627,6.5722469,24.32,0.0,-1.1,222.9,298192.13,-50464.7,-1.0,11.834148187937386,15653.383862335131,15653.383862335131,25.465911730861894,6.781957018137913,87.6,29.610395946085205
1306894913.57,2.0088324,6.5722236,24.32,0.0,-1.3,222.9,298189.88,-50467.43,-1.0,11.836261214242613,15835.028328217857,15835.028328217857,26.395612048680274,6.774277915337341,89.10000000000001,29.610395946085205
1306894914.0,2.0088022,6.5722003,24.32,0.0,-1.3,222.8,298187.66,-50470.16,-1.0,11.63506640365594,15149.696089948015,15149.696089948015,27.16026365639298,6.835448469497093,89.0,29.610395946085205
1306894914.42,2.0087716,6.5721772,24.32,0.0,-1.3,222.9,298185.38,-50472.88,-1.0,11.834963037965203,13839.41856042179,13839.41856042179,27.98402702290557,6.617459192537604,88.19999999999999,29.610395946085205
1306894914.84,2.0087407,6.5721542,24.32,0.0,-1.6,223.0,298183.06,-50475.58,-1.0,11.818902541797398,13719.27991939707,13719.27991939707,30.175764454600056,6.6473086373449,88.9,29.610395946085205
1306894915.26,2.0087099,6.5721312,24.32,0.0,-1.9,223.0,298180.78,-50478.29,-1.0,11.81227432880338,12467.915553914772,12467.915553914772,30.22695164331076,6.797485585830876,89.6,29.610395946085205
1306894916.11,2.0086473,6.5720847,24.32,0.0,-1.7,223.0,298176.13,-50483.77,-1.0,11.82003075827539,11781.683894333451,11781.683894333451,28.04997215139832,6.958707799728637,89.9,29.610395946085205
1306894916.53,2.0086163,6.5720615,24.32,0.0,-1.4,223.0,298173.84,-50486.49,-1.0,11.84219697363373,12445.086262686167,12445.086262686167,27.524106257616364,7.284436777337751,91.80000000000001,29.610395946085205
1306894917.79,2.0085263,6.5719924,24.32,0.0,-1.4,223.0,298167.16,-50494.6,-1.0,11.759186434674731,13595.167361013573,13595.167361013573,26.520019099657237,7.58221675629114,88.00000000000001,29.610395946085205
1306894918.21,2.0084951,6.5719692,24.32,0.0,-1.4,223.0,298164.84,-50497.33,-1.0,11.886796377229299,14153.825763633487,14153.825763633487,27.04678496576755,7.4420716873485375,86.30000000000001,29.610395946085205
1306894918.63,2.0084645,6.5719464,24.32,0.0,-1.5,223.0,298162.56,-50500.02,-1.0,11.7669101975089,15730.315478763669,15730.315478763669,27.286774453418666,7.540129702396681,85.10000000000001,29.610395946085205
1306894919.05,2.0084335,6.5719233,24.32,0.0,-1.9,223.0,298160.25,-50502.73,-1.0,11.834152636169483,16146.275365796642,16146.275365796642,26.472088520650114,7.748574533254496,86.5,29.610395946085205
1306894919.47,2.0084029,6.5719005,24.32,0.0,-1.9,223.0,298158.0,-50505.41,-1.0,11.722628426561192,14555.332736906521,14555.332736906521,26.192698702253008,7.644854291421291,86.60000000000001,29.610395946085205
1306894919.89,2.0083713,6.571877,24.32,0.0,-1.7,222.9,298155.63,-50508.18,-1.0,12.014504198751872,13706.051228578755,13706.051228578755,25.36515593276556,7.5966030643138,87.30000000000001,29.610395946085205
1306894920.31,2.0083409,6.5718543,24.32,0.0,-1.5,222.8,298153.38,-50510.85,-1.0,11.699920042330819,14911.720727794991,14911.720727794991,26.052267362516716,7.789250079122377,85.7,29.610395946085205
1306894921.15,2.0082806,6.5718082,24.32,0.0,-1.5,222.8,298148.91,-50516.27,-1.0,11.78019947597525,12860.273575245554,12860.273575245554,24.919937581269117,7.913913862745266,87.89999999999999,29.610395946085205
1306894921.57,2.0082506,6.5717852,24.32,0.0,-1.2,222.8,298146.69,-50518.97,-1.0,11.746943055405511,12293.595468619793,12293.595468619793,24.60702145436224,7.988426888257925,88.4,29.610395946085205
1306894921.78,2.0082353,6.5717738,24.32,0.0,-1.1,222.9,298145.53,-50520.31,-1.0,11.773655786902586,12257.800964930806,12257.800964930806,25.922397495678595,7.86286626213613,86.70000000000002,29.610395946085205
1306894922.2,2.0082039,6.5717505,24.32,0.0,-1.3,222.9,298143.22,-50523.05,-1.0,11.90210235919869,8369.886854562525,8369.886854562525,26.474877260047553,7.814096180479842,88.40000000000002,29.610395946085205
1306894922.62,2.0081734,6.5717278,24.32,0.0,-1.7,222.9,298140.94,-50525.73,-1.0,11.744239216663859,8216.613983539031,8216.613983539031,25.1517583665277,7.624905071587052,89.30000000000001,29.610395946085205
1306894923.05,2.0081416,6.5717042,24.32,0.0,-1.9,222.9,298138.59,-50528.5,-1.0,11.813402574253764,7946.559924033659,7946.559924033659,24.327654961425488,7.751388806145132,87.0,29.610395946085205
1306894923.47,2.0081106,6.571681,24.32,0.0,-1.9,222.7,298136.28,-50531.22,-1.0,11.856795040209969,9793.298524546746,9793.298524546746,25.08032426851504,7.466464531680086,86.50000000000001,29.610395946085205
1306894924.33,2.008049,6.5716339,24.32,0.0,-1.9,222.8,298131.72,-50536.76,-1.0,11.764520320060782,10844.554729105183,10844.554729105183,24.450061444655244,7.528955491099712,86.2,29.610395946085205
1306894924.77,2.008017,6.5716098,24.32,0.0,-1.5,222.9,298129.34,-50539.59,-1.0,11.786776057867959,13361.251181955735,13361.251181955735,25.85731860433324,7.764247892708667,89.1,29.610395946085205
1306894925.19,2.0079861,6.5715868,24.32,0.0,-1.2,222.9,298127.03,-50542.3,-1.0,11.834148187953861,12661.033408007403,12661.033408007403,24.73433798828032,7.59663805517493,89.6,29.610395946085205
1306894926.06,2.0079218,6.571539,24.32,0.0,-1.4,222.8,298122.25,-50547.93,-1.0,11.850339837448917,14550.928410955838,14550.928410955838,25.051651403265822,7.38339412963423,88.40000000000002,29.610395946085205
1306894926.49,2.0078906,6.5715154,24.32,0.0,-1.7,222.7,298119.94,-50550.7,-1.0,11.785218122188777,14878.628719988388,14878.628719988388,26.292252996139503,7.225341469599746,88.00000000000001,29.610395946085205
1306894927.33,2.0078307,6.5714695,24.32,0.0,-1.7,222.7,298115.5,-50556.09,-1.0,11.735559174203022,13328.675890212586,13328.675890212586,24.603282862831634,7.295830826360163,88.20000000000002,29.610395946085205
1306894927.75,2.0077998,6.5714465,24.32,0.0,-1.8,222.7,298113.19,-50558.79,-1.0,11.811505908621537,14168.45652782915,14168.45652782915,25.92493129156292,7.033649506811475,88.50000000000001,29.610395946085205
1306894928.59,2.0077378,6.5714005,24.32,0.0,-1.5,222.7,298108.59,-50564.21,-1.0,11.82681568414071,12802.991465109399,12802.991465109399,24.73525090944343,7.262204886596166,87.40000000000002,29.610395946085205
1306894929.02,2.0077066,6.5713768,24.32,0.0,-1.1,222.7,298106.28,-50566.99,-1.0,11.807409197900299,12026.933161830228,12026.933161830228,24.19129462874418,6.964853057093554,90.1,29.610395946085205
1306894929.44,2.0076766,6.571354,24.32,0.0,-1.2,222.7,298104.06,-50569.68,-1.0,11.72417633785275,12314.922365085404,12314.922365085404,25.017883692510402,7.1696820259731995,87.80000000000001,29.610395946085205
1306894929.86,2.0076463,6.5713308,24.32,0.0,-1.4,222.7,298101.81,-50572.4,-1.0,11.813526991261684,12048.011255842413,12048.011255842413,27.302397967567206,7.066929630210821,88.60000000000001,29.610395946085205
1306894930.28,2.0076152,6.5713075,24.32,0.0,-1.4,222.7,298099.5,-50575.13,-1.0,11.879446439252913,12762.329466840463,12762.329466840463,27.0222119336063,7.1723649180102225,86.80000000000001,29.610395946085205
1306894930.7,2.0075847,6.5712848,24.32,0.0,-1.4,222.9,298097.22,-50577.8,-1.0,11.721563953632494,13822.93411684631,13822.93411684631,25.206307167326433,7.226537016795431,86.4,29.610395946085205
1306894931.12,2.0075538,6.5712618,24.32,0.0,-1.7,222.9,298094.94,-50580.51,-1.0,11.812278754070705,12454.396665272268,12454.396665272268,26.711363614330725,7.306618543779317,87.60000000000001,29.610395946085205
1306894931.54,2.0075228,6.5712388,24.32,0.0,-1.9,222.9,298092.63,-50583.22,-1.0,11.834148187937386,12877.739439563964,12877.739439563964,26.074093123144625,7.563032564739423,88.89999999999999,29.610395946085205
1306894931.98,2.007491,6.5712147,24.32,0.0,-1.9,222.7,298090.25,-50586.05,-1.0,11.786776057923738,12966.305950187332,12966.305950187332,26.017139195405885,7.442690475938768,88.5,29.610395946085205
1306894932.4,2.0074609,6.5711915,24.32,0.0,-1.5,222.8,298088.03,-50588.78,-1.0,11.81525050062008,11420.406998813985,11420.406998813985,24.70490050674049,7.682193346285758,88.3,29.610395946085205
1306894932.82,2.0074305,6.5711685,24.32,0.0,-1.2,222.9,298085.78,-50591.48,-1.0,11.768071304160154,12796.03132805846,12796.03132805846,25.814809942198817,7.7814480545961775,88.3,29.610395946085205
1306894933.24,2.0073995,6.5711455,24.32,0.0,-1.3,222.9,298083.47,-50594.19,-1.0,11.834148187980206,14067.919631060413,14067.919631060413,25.754865694871214,8.010818625159395,86.60000000000001,29.610395946085205
1306894933.66,2.0073717,6.5711243,24.32,0.0,-1.8,223.0,298081.41,-50596.67,-1.0,11.136488540061348,13328.148976802078,13328.148976802078,25.564189307980726,7.915072416489874,87.60000000000001,29.610395946085205
1306894934.08,2.0073491,6.5711072,24.32,0.0,-1.7,223.0,298079.72,-50598.68,-1.0,9.83320465112137,6562.494670054338,6562.494670054338,23.05781641317736,8.101665836229738,88.60000000000001,29.610395946085205
1306894934.51,2.0073303,6.571093,24.32,0.0,-1.7,223.0,298078.34,-50600.36,-1.0,8.81614470344644,18224.212906473917,18224.212906473917,21.054843460225868,7.77963117927214,87.9,29.610395946085205
1306894934.94,2.007316,6.5710817,24.32,0.0,-1.8,223.2,298077.28,-50601.68,-1.0,7.897009925399083,53936.97602578357,53936.97602578357,22.9424642389174,8.008098295644649,87.10000000000001,29.610395946085205
1306894935.36,2.0073018,6.5710706,24.32,0.0,-2.0,223.3,298076.22,-50602.98,-1.0,7.927223963254912,97147.50608322884,97147.50608322884,21.897433557130885,7.972498559328386,87.30000000000001,29.610395946085205
1306894935.78,2.0072875,6.5710596,24.33,0.0,-1.9,223.5,298075.16,-50604.27,-1.0,7.903536508138305,132477.2027418809,132477.2027418809,23.030581044278357,7.964484220013091,85.2,29.61040360137829
1306894936.2,2.0072731,6.5710487,24.33,0.0,-1.5,223.5,298074.09,-50605.56,-1.0,7.905585338793303,145193.89942134504,145193.89942134504,24.691839086429944,8.021188314955563,85.5,29.610411256671377
1306894936.62,2.007259,6.5710378,24.33,0.0,-1.5,223.9,298073.06,-50606.83,-1.0,7.850199266876973,131443.63699233386,131443.63699233386,24.05692595928073,7.914683866090441,86.4,29.610418911964462
1306894937.04,2.007245,6.5710271,24.33,0.0,-1.5,224.0,298072.0,-50608.1,-1.0,7.856059353569262,99705.15706095248,99705.15706095248,24.492613190497874,7.945962548684949,88.5,29.61042656725755
1306894937.47,2.0072304,6.5710159,24.33,0.0,-1.5,224.2,298070.94,-50609.4,-1.0,7.850643424256025,58532.087973750116,58532.087973750116,24.046577710491583,8.025547403736791,89.5,29.61043422255064
1306894937.89,2.0072164,6.5710051,24.33,0.0,-1.1,224.2,298069.88,-50610.68,-1.0,7.879779731150364,25409.432870525758,25409.432870525758,25.090844708872933,8.154487311618063,88.30000000000001,29.610441877843726
1306894938.31,2.0072021,6.5709942,24.33,0.0,-1.3,224.5,298068.81,-50611.96,-1.0,7.881872551425968,6550.031258002012,6550.031258002012,26.724405248512856,8.048794827428193,86.60000000000001,29.610449533136816
1306894938.75,2.0071874,6.570983,24.33,0.0,-1.8,224.9,298067.75,-50613.27,-1.0,7.800544178746292,2575.084990162109,2575.084990162109,26.84487767226294,8.222124789389126,85.90000000000002,29.6104571884299
1306894939.17,2.0071729,6.5709722,24.33,0.0,-2.0,226.9,298066.66,-50614.55,-1.0,7.886266625651326,2582.530461541349,2582.530461541349,25.09517473570974,8.060293139305566,87.90000000000002,29.61046484372299
1306894939.59,2.0071561,6.5709625,24.33,0.0,-1.8,232.1,298065.41,-50615.71,-1.0,7.64896908308688,3649.92355432993,3649.92355432993,24.097021909832307,8.173909336394052,86.60000000000002,29.61047249901608
1306894940.01,2.0071389,6.570954,24.33,0.0,-1.6,239.9,298064.09,-50616.73,-1.0,7.34710918709241,1503.3431788625085,1503.3431788625085,24.87301408380522,8.203570035840515,87.60000000000001,29.61047249901608
1306894940.43,2.00712,6.5709477,24.33,0.0,-1.6,251.7,298062.63,-50617.52,-1.0,6.880200357534833,5198.428388373893,5198.428388373893,25.414458975874215,7.9497836856159125,88.60000000000001,29.61047249901608
1306894940.86,2.0070984,6.5709445,24.33,0.0,-1.6,264.2,298060.94,-50617.99,-1.0,6.25412766519717,16217.096003202782,16217.096003202782,25.56932377388469,8.011030338611825,87.19999999999999,29.61047249901608
1306894941.28,2.0070777,6.5709443,24.33,0.0,-1.2,276.3,298059.28,-50618.1,-1.0,5.486128556564099,33820.864649001385,33820.864649001385,24.607004282112534,7.874187402317853,84.39999999999999,29.61047249901608
1306894941.7,2.0070571,6.5709475,24.34,0.0,-1.2,287.6,298057.63,-50617.86,-1.0,4.717168616050354,54961.56663450608,54961.56663450608,25.527617610367344,7.844319417036813,84.7,29.61048015430917
1306894942.12,2.007036,6.5709537,24.34,0.0,-1.3,297.3,298055.91,-50617.27,-1.0,4.076288284431676,74434.51163738505,74434.51163738505,25.331506074028898,7.682357224884681,88.2,29.610487809602258
1306894942.54,2.0070177,6.5709618,24.34,0.0,-1.7,306.0,298054.41,-50616.46,-1.0,3.3535408050359345,89522.50754976459,89522.50754976459,25.365838191303986,7.936936578623219,89.8,29.610495464895347
1306894942.96,2.0069978,6.5709736,24.34,0.0,-1.7,312.1,298052.75,-50615.25,-1.0,2.853102855342904,95851.47501867342,95851.47501867342,26.04559980444447,7.942160054991472,89.99999999999999,29.610503120188437
1306894943.38,2.0069743,6.57099,24.34,0.0,-1.7,317.0,298050.78,-50613.54,-1.0,2.939293615327035,91964.00169875781,91964.00169875781,26.26191486402415,8.071967162993916,88.0,29.610510775481526
1306894943.8,2.0069482,6.5710109,24.34,0.0,-1.7,319.0,298048.56,-50611.35,-1.0,3.466616459948347,81787.04433695186,81787.04433695186,28.408358425725233,7.903250531611068,87.8,29.610518430774615
1306894944.22,2.0069204,6.5710345,24.34,0.0,-1.7,318.9,298046.19,-50608.86,-1.0,3.9625385454188877,65860.16546865043,65860.16546865043,26.611258534484683,7.591328183791671,86.30000000000001,29.610526086067704
1306894944.64,2.0068908,6.5710581,24.34,0.0,-1.5,318.0,298043.66,-50606.38,-1.0,4.323014285999542,49540.647260877144,49540.647260877144,26.62357344063556,7.686603993976008,86.70000000000002,29.61053374136079
1306894945.06,2.0068606,6.5710812,24.34,0.0,-1.2,316.7,298041.13,-50603.96,-1.0,4.288826758118504,40494.433017308016,40494.433017308016,27.759659331291516,7.7401851956129395,87.4,29.61054139665388
1306894945.48,2.0068295,6.5711037,24.34,0.0,-1.2,315.3,298038.5,-50601.61,-1.0,4.488799068589479,37434.92874380966,37434.92874380966,27.057866197080692,7.603431398528562,89.80000000000001,29.61054905194697
1306894945.9,2.0067984,6.5711258,24.34,0.0,-1.4,314.0,298035.88,-50599.32,-1.0,4.44223729802622,37035.23016404737,37035.23016404737,26.628951853171166,7.515584600294297,90.40000000000002,29.61054905194697
1306894946.32,2.0067669,6.5711475,24.34,0.0,-1.6,313.0,298033.22,-50597.06,-1.0,4.52680013787723,34815.04520956121,34815.04520956121,24.57490939021601,7.717779045802907,90.10000000000002,29.61054905194697
1306894946.74,2.006735,6.5711689,24.34,0.0,-1.6,312.1,298030.53,-50594.83,-1.0,4.589212949586904,28172.172605324773,28172.172605324773,22.865910646203076,7.663361017806704,88.4,29.61054905194697
1306894947.16,2.0067061,6.5711877,24.34,0.0,-2.0,311.7,298028.13,-50592.89,-1.0,3.8750270040439485,20790.07561002976,20790.07561002976,23.55447251173322,7.637714326754409,88.89999999999999,29.61054905194697
1306894947.58,2.0066806,6.5712036,24.34,0.0,-1.9,311.7,298026.0,-50591.24,-1.0,3.344096243852818,11199.120455241333,11199.120455241333,25.946355160824385,7.638933010052554,90.99999999999999,29.61054905194697
1306894948.0,2.0066611,6.5712161,24.34,0.0,-1.8,311.9,298024.34,-50589.95,-1.0,2.7284362091948715,690.0525429804651,690.0525429804651,24.83307767949697,7.583760473983578,90.5,29.61054905194697
1306894948.42,2.0066461,6.5712256,24.34,0.0,-1.5,312.3,298023.09,-50588.96,-1.0,2.6951283594453916,13013.122989535996,13013.122989535996,25.709619174057675,7.604885143039344,89.6,29.61054905194697
1306894948.84,2.0066367,6.5712319,24.34,0.0,-1.2,312.6,298022.31,-50588.31,-1.0,3.255157095568018,27449.6168484246,27449.6168484246,25.267539438122135,7.613995733011773,91.10000000000001,29.61054905194697
1306894949.26,2.0066288,6.5712371,24.34,0.0,-1.2,312.8,298021.66,-50587.77,-1.0,3.5294681811465334,40421.10362724184,40421.10362724184,24.500671235574785,7.447707548398553,90.00000000000001,29.61054905194697
1306894949.68,2.0066211,6.5712422,24.34,0.0,-1.3,313.0,298021.0,-50587.25,-1.0,3.575030166339839,47074.79413977006,47074.79413977006,26.156449800245518,7.484862303421628,88.2,29.61054905194697
1306894950.1,2.0066133,6.5712473,24.34,0.0,-1.3,313.3,298020.34,-50586.71,-1.0,3.527550408576638,48429.012840041236,48429.012840041236,25.808997876294743,7.40183842543094,86.4,29.61054905194697
1306894950.52,2.0066053,6.5712526,24.34,0.0,-1.3,313.4,298019.69,-50586.17,-1.0,3.5294681811465334,43977.27523607986,43977.27523607986,27.690915620022963,7.27550761665858,85.0,29.61054905194697
1306894950.94,2.0065975,6.5712577,24.34,0.0,-1.7,313.6,298019.03,-50585.64,-1.0,3.5512902168289795,34890.87575109176,34890.87575109176,29.350159136905372,7.343548365526874,86.4,29.61054905194697
1306894951.37,2.0065896,6.5712629,24.34,0.0,-2.0,313.8,298018.34,-50585.09,-1.0,3.531771828473842,24189.182774409917,24189.182774409917,29.76723403790607,7.428610792522087,88.50000000000001,29.61054905194697
1306894951.79,2.0065817,6.5712681,24.33,0.0,-1.9,313.9,298017.69,-50584.56,-1.0,3.553274156971555,14032.340334709885,14032.340334709885,27.60557408472949,7.440353764464339,88.60000000000002,29.61054139665388
1306894952.21,2.006574,6.5712733,24.33,0.0,-1.6,314.0,298017.03,-50584.02,-1.0,3.5275512050836633,6597.794710091771,6597.794710091771,28.462384403560435,7.705691497357501,87.9,29.61053374136079
1306894952.64,2.0065658,6.5712787,24.33,0.0,-1.3,314.2,298016.38,-50583.46,-1.0,3.51613113117274,1734.5365984336838,1734.5365984336838,28.41500905288345,7.885000498464852,89.00000000000001,29.6105260860677
1306894953.06,2.0065581,6.5712839,24.33,0.0,-1.3,314.2,298015.72,-50582.92,-1.0,3.5275504085659444,477.2585284987533,477.2585284987533,28.04511879107956,7.982194182436436,89.30000000000001,29.61051843077461
1306894953.9,2.0065425,6.5712943,24.33,0.0,-1.3,314.5,298014.41,-50581.84,-1.0,3.5284897406402327,553.441328155936,553.441328155936,28.074748712406745,8.09042390256504,90.80000000000001,29.610510775481522
1306894954.32,2.0065348,6.5712995,24.33,0.0,-1.3,314.7,298013.75,-50581.3,-1.0,3.5275504085939104,574.4836680297464,574.4836680297464,28.693551585111486,8.298727267604221,93.20000000000002,29.610503120188433
1306894954.74,2.0065269,6.5713047,24.33,0.0,-1.7,314.7,298013.09,-50580.76,-1.0,3.5275512050836633,414.0982960756698,414.0982960756698,28.427508125921115,8.51848974903836,95.4,29.610495464895344
1306894955.16,2.0065192,6.57131,24.33,0.0,-2.0,314.7,298012.44,-50580.21,-1.0,3.5057431064618,306.301566312579,306.301566312579,26.278062343540647,8.396551795225133,95.7,29.610487809602255
1306894955.58,2.0065113,6.5713154,24.33,0.0,-1.9,314.7,298011.78,-50579.64,-1.0,3.4563391514228483,255.1950620320916,255.1950620320916,25.537023529480702,8.066448941701447,95.89999999999999,29.61048015430917
1306894956.0,2.0065035,6.5713209,24.33,0.0,-1.6,314.7,298011.13,-50579.08,-1.0,3.4820191845881427,98.27709372797614,98.27709372797614,25.583529639741815,7.799622114294407,92.7,29.61047249901608
1306894956.84,2.0064878,6.5713318,24.33,0.0,-1.6,314.7,298009.81,-50577.95,-1.0,3.46820748916817,211.6689324647085,211.6689324647085,26.639860041807598,7.447196648559203,89.8,29.61047249901608
1306894957.26,2.0064801,6.5713372,24.33,0.0,-1.2,314.7,298009.16,-50577.38,-1.0,3.458296439215544,471.38156308814536,471.38156308814536,25.974858125787115,7.351355169765464,89.7,29.61047249901608
1306894958.1,2.0064644,6.5713482,24.33,0.0,-1.2,315.2,298007.84,-50576.24,-1.0,3.456339570550878,752.8417801682627,752.8417801682627,26.315152030993215,7.444444694957764,89.4,29.61047249901608
1306894958.52,2.0064567,6.5713535,24.33,0.0,-1.7,315.3,298007.19,-50575.68,-1.0,3.4820191845881427,613.5902199836991,613.5902199836991,26.259614600242514,7.414945917797801,89.2,29.61047249901608
1306894958.94,2.006449,6.5713589,24.33,0.0,-1.9,315.6,298006.53,-50575.12,-1.0,3.48007607166873,250.49162021502468,250.49162021502468,27.286763885978104,7.492384413744734,87.1,29.61047249901608
1306894959.37,2.0064446,6.571362,24.33,0.0,-1.5,315.6,298006.16,-50574.8,-1.0,4.175944175313991,52.325261565236424,52.325261565236424,26.096196985294224,7.521069263004064,84.80000000000001,29.61047249901608
